ccy=111390,109191,98140
tez=101243,97010
cem=113248,112991,112653,112200,111821,111042,110475,110007,109783,109208,108611,108575,108405,108300,107665,106694,106562,106416,106384,105430,105394,104779,103924,103705,102527,102525,102439,102362,101655,100738,98632,98631,98427,96517,96516,96311,96301,93451,93450,92408,90728,90127,88690,87210,86555,85857,83438,83027,83026,82956,82910,81202,79965,78570,78569,75857,75856,74775,74277,74276,72819,70885,69247,69246,69245,69244,64727,64726,64725,62560,58589,58588,58587,58586,53558,53557,53556,53555,51205,47206,41919,35843,35842,30794,28043,28042,25357
tgn=82485,73764,52471,52470,40933
tib=113555,113255,112750,112662,112660,112341,112220,112058,111402,111396,111140,110850,110705,110518,110478,110168,109876,109778,109285,109011,107998,107537,106430,105884,105259,104812,103753,103552,103508,103062,102258,102158,99934,99465,98295,98201,97605,97604,96855,94745,93521,93318,93140,92418,92417,89537,88682,87223,85868,85251,85250,84565,77701,77042,72509,68223,68222,68221,68220,57414,55231,54031,52728,43696,43695,32505,32504,22509,22508,14641,14640,14639,8334
cht=112656,112655,112207,112206,107962,105603,104158,102719,101567,101566,101565,101440,100831,98099,97443,97292,94044,92219,92218,87952,85636,85409,81710,78228,77424,77228,77205,72838,69490,68820,67888,67666,62579,39676,28669
tju=109812,108333,103610,100068,100067,95496,73769,63687
tli=108716,104997,104282,104281,104200,101923,100997,94095,92757,92102,92094,91244,90336,89043,88948,88915,88874,88013,86290,85394,85252,84407,81455,80360,79877,79628,78734,78714,77936,76435,75657,74535,74349,73315,73066,72176,71909,71636,71632,71091,69863,69389,68036,67870,67866,67624,67586,67007,66345,66124,65775,65759,65365,64510,64396,63696,63102,62424,62422,61282,61276,61213,61207,60671,60136,58717,58552,57849,57784,57761,56941,56918,56777,56716,56646,55712,55422,54519,54339,54230,53335,53245,52486,52485,52106,51505,51003,50452,50448,50074,49467,49358,49244,49185,49163,47909,47771,47744,47479,47314,46788,46786,46785,46744,46325,46231,46097,45401,44836,42709,42402,42007,41625,41371,41361,40949,40948,40707,40699,40555,40376,39946,39736,38514,38487,37698,37676,36515,36333,36302,36064,35803,35793,35561,35527,35447,35345,35097,35055,35025,35003,34929,34626,33420,32446,31857,31519,31276,30876,30546,29942,29941,29581,29407,28272,27755,27670,27406,27322,26765,25992,25939,25742,25315,25066,24673,23270,23198,23050,22826,21965,21679,21649,21090,20368,20041,20040,20037,19895,18183,17012,16551,15934,14876,14692,14691,13791,13039,12535,12534,12233,9706,9277,9116,8376,7711,7194,7193,6892,6891,6890,4669,3543,3377
top=113722,113606,113390,113240,112631,112020,112010,111326,111310,111163,108814,108813,108747,106957,106956,106955,106954,106567,106484,104424,104423,104422,104421,104324,104323,103697,103139,101899,101796,101207,101206,101047,100159,99887,99195,97827,97694,96965,96964,96007,95746,95270,91596,91595,91594,91593,91592,91591,91292,90395,90067,89697,89514,85965,85118,84846,84845,84844,84843,84539,84478,84477,82887,82179,79822,76868,76504,76503,76502,76501,76500,76109,76028,76027,76026,76025,75397,74643,73646,72132,71972,71893,70950,70699,68244,66813,66812,66811,66810,66809,66547,66237,66236,66235,66234,66233,65483,65288,64613,63821,63537,63536,62938,61835,61711,61636,61543,60928,60796,60435,60434,60190,57437,56451,55900,55899,55898,55897,55896,55895,55894,55893,55575,55265,55264,55263,55262,54482,54221,52607,52304,51823,51676,51447,50848,50847,50305,49511,49362,49014,48769,48590,46529,46118,46117,46116,44950,44370,44369,44368,44367,44366,44365,44364,44363,44362,44361,44360,44359,44358,44308,43730,43729,40751,40257,40117,40116,40115,39896,39286,37456,37275,37103,35196,34823,33728,33727,33267,33177,33176,33175,33174,33173,33172,33171,33170,33169,33168,33115,32548,30992,29762,29154,28346,25285,24417,24416,23544,23543,23542,23462,23135,23057,23056,23055,23054,23053,23052,22546,22545,21549,21196,20106,19040,15900,15153,15093,14760,14759,14758,14281,14280,12228,10563,8436,8435,8434,8433,8432,8431,8062,8061,8060,6684,5595,4286,4285,4284,4048,2174,1866
coc=112055,111392,111391,111390,111091,110085,109497,109195,109194,109193,109192,109191,108922,108408,108407,108406,107898,107482,107481,107480,107479,107301,107124,106729,106418,106417,105664,105183,105182,105181,105180,105179,105178,105177,104957,104916,104323,104121,104120,103900,102802,102139,102138,102137,102136,102135,102134,102133,102132,102131,102130,102129,102128,102127,101877,101279,101047,100781,100654,100456,100385,100271,100237,98152,98151,98150,98149,98148,98147,98146,98145,98144,98143,98142,98141,98140,97069,96200,95876,95733,95682,94255,93213,93212,93115,93114,93113,93112,93111,93110,93109,93108,93107,93106,90961,90835,90262,88226,86909,86908,86790,86789,86788,86787,86786,86785,86784,86783,86782,86781,86780,85003,84000,83830,83538,79398,78870,78869,78868,78867,78866,78865,78864,78863,78862,78861,78860,78859,78858,78857,77778,76726,74880,70185,69697,69581,69580,69579,69578,69577,69576,69575,69574,69573,69572,69571,69570,69569,69568,68312,59025,58918,58917,58916,58915,58914,58913,58912,58911,58910,58909,57180,48121,47492,47491,47490,47489,47488,47487,47486,47485,47484,42590,36640,36077,36076,36075,36074,36073,36072,31388,25552,25551,25550,16712,16711,16710,9811,9810
twr=102819,102818,99047,99046,95514,94231,94230,73825,63749,52554,41026,41025,30000
tyf=93057
tzy=111370,109649,96394
ubh=109629,108082,102124,101074,98134,96791,93092,91318,91317,86762,86761,84515,78828,76087,66319
daz=113696,113617,113519,113377,113199,112931,112930,112563,112562,112084,107589,93438,87194,79367,70140
ueo=85921
deb=107590,105331,103658,102354,102353,102352,99383,99089,98421,98420,98419,94279,93447,93446,93445,93444,93443,88673,87205,87204,87203,87202,87201,87200,87199,79380,79379,79378,79377,79376,79375,75654,70159,70158,70157,70156,70155,70154,70153,70152,69582,65769,65768,59540,59539,59538,59537,59536,59535,59534,59533,59532,58920,55362,54750,54749,50613,48094,48093,48092,48091,48090,48089,48088,48087,48086,48085,48084,43827,36619,36618,36617,36616,36615,36614,36613,36612,36611,36610,36609,36608,36607,26036,26035,26034,26033,26032,26031,26030,26029,17105,17104,17103,17102,17101,17100,17099,17098,17097,15770,10062,10061,10060,10059,9142,5267,5266,2418
dfu=105750,102905,99184,98560,80756,74966,74646,71956,71861,70625,62990,60064,52090,40529,24017
dhi=92317,85755,68047,57216,42747,31561
umq=110788,109654,107582,105319
url=110418,109116,107379,105036,102795,99009,88146,87140,86708,86178,80529,79295,79294,76894,70052,69006,67268,67133,64692,62450,62449,62448,61873,61071,59400,58311,56243,56197,53522,51035,51034,50445,50444,50413,49647,47952,47951,47950,46880,46879,44882,44699,38893,38892,38106,38105,36487,36486,35948,35542,35541,33660,33533,32738,30762,30761,30760,30759,28437,28025,28024,28023,27248,27247,27246,26435,25914,25913,25912,25769,25429,25085,25084,25083,25082,23375,23346,22956,22311,20987,20986,20985,20984,20983,19101,18804,18105,16990,16989,16988,16874,16385,16384,16383,15021,14637,14403,14402,12951,12358,11249,10760,9983,9592,8141,7133,6764,5995,5706,5217,5023,3495,2383,2307,1338,442
uus=110135,108740,106860,101030,40473
duf=75522,70672,70671,70670,65630,60111,60110,60109,48704,37212
ecc=112488,111967,111966,111965,111250,110702,109322,107663,105861,105426,105425,103744,103743,102488,100240,100239,98585,95684,95683,89975,89974,89973,87547,82757,81706,79827,72830,68886,68885,63994,60170,58184,51588,48754,40032,37263,31748,21872
ved=109927,109834,109732,108217,106812,105372,104040,104017,101269,100633,99842,98490,98304,98194,97164,95697,93203,92691,92607,92471,92310,91844,91407,90630,89845,89829,89825,89425,88895,88647,87434,87316,86895,86791,86111,86105,85917,85110,85054,84623,84619,84529,84147,83806,83799,83716,83186,82458,81857,81381,81378,81311,79481,79475,79405,79386,79080,79041,77606,76896,76842,76838,76431,76404,76230,75993,75714,75636,75567,75559,75483,75423,75176,75086,74977,74896,74863,73774,73622,73525,73266,73033,72325,70993,70518,70513,69745,68631,68620,68599,68586,67976,67663,67588,67378,67350,67195,67192,67137,66511,66200,65731,65658,65579,65508,65201,65169,65055,65029,63722,63232,61649,61607,61492,61448,60328,59926,59708,58830,57858,57298,56946,56780,56517,56516,56337,56327,56311,56298,54035,54016,53889,53446,52810,52510,52488,52485,50698,50329,50012,49988,49973,49835,48936,48267,47964,47810,47126,46991,46745,45007,45006,44831,44789,44786,43779,43681,43654,43267,43257,42286,41230,40389,38503,38446,38339,37178,36715,36606,36335,35820,34714,32464,32200,32046,31948,31852,31542,31092,31011,30919,29574,28589,26365,21777,21602,21529,21094,19488,19398,19229,17568
eke=111745,110940,110063,109869,109533,108654,108404,107947,105815,105665,104593,104418,102803,102460,101452,101199,101048,99025,98553,96766,94212,92976,92045,91071,91070,90701,85434,84232,84146,83656,81553,75771,75732,75565,69498,66263,66262,65677,64999,64014,62875,61243,55300,55214,54856,54855,54854,53880,51604,43261,43260,42965,42156,42155,41280,36701,31780,31003,30233,26094,17612,17133,10415,5487
enl=110624,109103,107055,105455,103985,103984,103464,102529,101303,100565,94384,94383,93731,93649,92812,90399,88437,88388,87620,87081,85587,82783,82534,79950,76770,75760,75759,74926,74100,72976,71992,70868,70867,70866,66374,65985,65885,63150,62353,61297,61244,60338,60337,60336,57738,53783,53782,51156,49046,48921,43886,42619,42161,40807,38464,37425,37424,37423,30253,27642,26731,26730,26729,26728,26727,24063,21208,20591,18512,17720,17719,17718,17717,17716,17715,13141,10489,10488,10487,10486,5536,2582
vra=75853,75852,66033,32256,22315
etz=113101,112793,112450,112389,111918,106776,104267,103894,100444,96682
evn=110511,109272,108825,106983,56056,44552
fad=102668,98800,80106,80105,80104,71041,67118,60537,60536,60535,60534,60533,56231,49098,49097,49096,49095,49094,37619,37618,26922,26921,26920,17858,17857,17856,10601,10600,10599,5623
wfl=106820,104258,97844,94240,92729,88205,83915,75345
wis=113388,111950,111229,108917,107114,105173,104654,101521,97389,97388,97387,97311,96901,96573,95512,95013,93269,92156,92155,92011,91834,89777,85561,85560,85139,85138,84653,84652,84651,82528,82446,81723,79187,77346,77345,77344,76888,76887,76886,76877,76244,76243,76242,75163,73919,72482,71257,71138,70890,69990,68610,67809,67808,67807,67806,67805,67804,67803,67802,67801,67249,67022,66509,66508,66198,66008,65886,65173,63861,63747,62204,60576,60368,60195,58193,57438,56936,56935,56934,56933,56932,56931,56930,56929,56928,56378,56122,54757,53645,52115,51510,51371,51351,51227,51226,51009,45399,45398,45397,45396,45395,45394,45393,44868,44863,44624,44623,43990,42465,39650,39649,39233,37466,37400,35424,34179,34077,34076,34075,34074,34073,34072,33653,33649,33445,32781,32719,31286,28646,28290,26776,24034,23765,23764,23763,23762,23761,23487,23294,20135,15298,15297,15296,14974,14425,11667,8787,8786,8785,6136,4462
fif=102692,102691,98851,98850,93973,80198,71168,71167,71166,60697,60696,60695,49273,49272,37783,37782,27041
az=113806,113789,113785,113775,113774,113770,113755,113754,113753,113718,113717,113716,113710,113696,113651,113650,113639,113633,113622,113617,113540,113525,113519,113453,113442,113411,113377,113293,113277,113269,113235,113221,113203,113199,113184,113172,113138,113124,113123,113100,113099,113076,113071,113070,113050,113024,112975,112973,112931,112930,112911,112897,112844,112825,112802,112791,112756,112755,112687,112619,112563,112562,112515,112396,112323,112304,112298,112157,112100,112084,112007,111901,111824,111735,111721,111644,111606,111448,111435,111434,111364,111280,111148,111147,110950,110920,110905,110815,110814,110813,110778,110698,110654,110543,110520,110515,110405,110378,110367,110332,110331,110183,110013,109883,109831,109811,109701,109700,109660,109643,109553,109501,109500,109499,109498,109337,109336,109335,109292,109261,109144,109143,109142,109103,109087,109060,109043,109002,108891,108854,108801,108800,108799,108743,108331,108281,108280,108189,108170,108143,107968,107904,107903,107902,107873,107856,107789,107679,107678,107677,107596,107589,107574,107431,107415,107361,107360,107338,107337,107310,107277,107276,107275,107087,107028,107003,106936,106935,106934,106933,106926,106863,106817,106798,106688,106318,106254,106207,106148,106125,106124,106123,106082,106056,105852,105741,105740,105739,105738,105707,105688,105677,105674,105671,105670,105669,105668,105667,105578,105577,105443,105342,105309,105102,105007,105006,104981,104980,104931,104880,104879,104801,104524,104491,104421,104405,104404,104392,104391,104311,104218,104070,103602,103474,103411,103410,103409,103379,103378,103377,103292,103238,102896,102895,102894,102893,102838,102825,102817,102809,102808,102807,102806,102805,102685,102683,102367,102318,102317,102316,101943,101942,101941,101927,101902,101901,101841,101776,101775,101774,101686,101678,101348,101237,101236,101206,101159,101158,101034,100948,100947,100700,100616,100615,99829,99802,99801,99800,99799,99691,99690,99689,99602,99161,99160,99159,99158,99157,99081,99080,99079,99055,99054,99053,99052,99045,99035,99034,99033,99032,98827,98824,98466,98465,98434,98373,98372,97891,97890,97889,97888,97887,97868,97833,97832,97831,97753,97717,97682,97681,97680,97663,97585,97584,97573,97132,97003,97002,97001,96906,96646,96638,96259,96156,95800,95149,95148,95147,95008,95007,95006,95005,95004,94365,94364,94363,94362,94265,94264,94263,94239,94238,94237,94218,94217,94216,93941,93934,93539,93538,93537,93438,93365,92787,92786,92785,92784,92783,92707,92706,92705,92561,92560,92512,92511,92510,92509,92508,92507,92490,92386,92385,92285,91642,91591,91499,91498,91154,90538,90537,90146,89289,89288,89107,89106,89105,89104,89103,89102,88373,88245,88244,88203,88202,88182,88181,87834,87332,87194,87082,86334,86333,86218,86050,85984,85983,85982,85981,85980,85979,85821,84723,84722,83482,83481,83480,83479,81912,81681,81680,81679,81678,81677,80664,80612,80578,80577,79547,79367,77849,77848,77847,77846,77845,77844,77843,77842,77602,74823,74822,74821,74820,73511,72796,72795,71606,70140,68404,68403,68402,68401,68400,68399,64796,63370,62532,57640,57639,46165
cn=108441,108440,106456,92993,90444,78688,64139,52929,44030,32822,23930,15425,8853,4499,1982
eb=113607,113516,113445,113368,113022,112956,112678,112417,112399,112240,112186,112166,112134,111964,111861,111828,111619,111540,111522,111317,111249,111049,110978,110786,110657,110020,109772,109639,109638,109504,109190,109189,109188,108881,108658,108283,108096,108095,107945,107798,107797,107790,107662,107590,107499,107478,107477,107298,107262,107212,107155,107154,107075,107031,106653,106256,105813,105812,105807,105668,105589,105424,105331,105293,105200,104711,104710,104707,104532,104148,104026,104025,103847,103658,103528,103500,103005,103004,102966,102949,102806,102701,102700,102487,102354,102353,102352,102297,102028,101754,101593,101592,101591,101586,101585,101487,101467,101457,101449,101441,100640,100639,100638,100637,99925,99856,99383,99288,99233,99178,99089,99033,98940,98862,98861,98828,98584,98421,98420,98419,97927,97704,97508,97470,97466,97435,97350,97325,97307,97294,96421,96182,96181,96180,96179,96178,95802,95207,95080,94556,94555,94503,94461,94387,94279,94155,94104,94103,93989,93946,93618,93545,93447,93446,93445,93444,93443,92941,92916,92838,92752,92735,92562,92250,92249,92206,92043,92042,91913,91572,91191,91056,90848,90820,90571,90570,90569,90255,90254,90150,90065,89950,89895,89580,89213,89125,88979,88673,88592,88519,88473,88390,88224,88092,88091,88026,88025,88024,88023,87843,87782,87781,87643,87613,87457,87340,87205,87204,87203,87202,87201,87200,87199,86779,86622,86563,86562,86561,86553,86552,86551,86518,86279,86251,86250,86059,86058,85851,85673,85571,85433,85432,85431,85430,85429,85428,85247,84965,84814,84758,84333,84132,83886,83859,83853,83815,83519,83518,83517,83516,83515,83514,83513,83121,83120,83119,82955,82756,82755,82754,82726,82666,82654,82340,82301,81793,81763,81713,81549,81548,81439,80991,80836,80835,80635,80459,80375,80374,80373,80372,80224,80153,80087,80086,80085,79936,79380,79379,79378,79377,79376,79375,78856,78659,78579,78578,78577,78568,78567,78566,78565,78176,78154,77942,77685,77227,77226,77030,77029,77028,76677,76379,75654,75608,75560,75223,74860,74859,74858,74857,74856,74855,74854,74853,74852,74851,74850,74849,74697,74464,74463,74462,74275,74196,74065,74064,73964,73594,73554,73512,72944,72905,72840,72759,72651,72650,72649,72555,72343,72342,72206,72128,72005,71951,71950,71949,71894,71454,71378,71377,71376,71206,71205,71204,71203,71202,71115,71019,70908,70907,70906,70905,70844,70832,70831,70159,70158,70157,70156,70155,70154,70153,70152,69582,69257,69256,69255,69254,69243,69242,69241,68772,68550,68211,68126,67665,67433,66683,65769,65768,65718,65669,65668,65667,65547,65294,65293,65236,64832,64831,64830,64829,64828,64827,64826,64825,64824,64823,64688,64426,64425,64424,64423,64249,64211,64146,64117,63993,63467,63372,62583,62485,62349,62348,62065,62064,61921,61899,61898,61612,61544,60985,60984,60983,60982,60908,60745,60744,60743,60742,60630,60509,60508,60385,60384,60357,60356,60314,60294,59540,59539,59538,59537,59536,59535,59534,59533,59532,58920,58603,58602,58601,58582,58581,58043,58042,58041,58040,57813,57786,57744,57363,57362,56793,56792,55362,54750,54749,54657,54656,54232,53688,53687,53686,53685,53684,53683,53682,53681,53680,53679,53678,53257,53256,53255,53254,53253,53252,53062,52940,52807,52784,52212,52211,52085,51170,50930,50640,50613,50470,50469,49555,49554,49194,49188,49072,49071,48938,48753,48094,48093,48092,48091,48090,48089,48088,48087,48086,48085,48084,47897,47231,47199,46596,46595,46594,46332,46331,46330,46278,46277,45820,45796,45795,45286,44540,44455,44454,44169,44168,43827,42932,42612,42074,42073,42072,42071,42070,42069,42068,42067,42066,42065,42064,42063,42062,42061,42060,42059,42058,41848,41692,41691,41266,40654,40653,40524,40523,39715,39601,39349,39082,38910,37704,37261,37260,37259,36619,36618,36617,36616,36615,36614,36613,36612,36611,36610,36609,36608,36607,36438,35865,35830,35829,35052,35030,35029,34524,34523,34522,34503,34427,34003,33361,33360,33264,32989,32972,31746,31414,30934,30933,30932,30931,30930,30929,30928,30927,30926,30925,30924,30923,30922,30921,30855,30722,30459,29672,29550,29549,29548,26579,26578,26577,26576,26575,26036,26035,26034,26033,26032,26031,26030,26029,25345,25337,24642,24148,24128,24127,24126,24054,23722,23132,21870,21150,21149,21148,21147,21146,21145,21144,21143,21142,21141,21140,21139,21138,21137,21069,20762,20761,20343,20013,20012,20011,18507,18356,18355,17572,17571,17570,17569,17105,17104,17103,17102,17101,17100,17099,17098,17097,16578,16184,15770,15623,15271,14827,13101,13100,13099,13098,13097,13096,13095,13094,13093,12799,12511,12207,12206,11622,11039,10931,10930,10388,10062,10061,10060,10059,9456,9142,7229,7228,7227,6237,5462,5461,5267,5266,3561,3216,2540,2418,1452,1293
fot=88157,80542
fu=113709,113637,113547,113419,113418,113417,113226,113225,113110,112964,112846,112812,112489,112474,112456,112447,112406,112155,112154,111970,111941,111925,111906,111904,111893,111595,111520,111496,111253,111247,111211,111209,111182,111150,111138,111075,110767,110655,110622,110589,110526,110458,110284,110270,110224,110220,110181,110180,110151,110050,110048,109963,109760,109742,109726,109690,109626,109502,109456,109452,109412,109330,109276,109158,109140,108940,108934,108921,108875,108847,108802,108795,108782,108692,108678,108646,108627,108623,108608,108465,108454,108450,108419,108238,108213,108172,108154,107944,107908,107891,107839,107824,107819,107783,107780,107657,107642,107595,107591,107437,107436,107369,107300,107139,107137,107136,107121,107076,107041,107011,107009,106977,106943,106941,106919,106832,106810,106731,106715,106687,106466,106464,106415,106231,106199,106177,106142,105914,105804,105753,105750,105726,105721,105680,105663,105662,105661,105660,105659,105658,105656,105642,105419,105384,105341,105333,105110,105109,105107,105023,104716,104678,104654,104581,104578,104517,104499,104492,104481,104444,104235,104124,104069,103913,103809,103806,103742,103632,103568,103567,103556,103501,103364,103341,103204,102957,102911,102905,102878,102833,102800,102799,102798,102797,102796,102795,102794,102793,102792,102791,102790,102781,102776,102767,102458,102366,102356,102154,102055,101935,101932,101880,101821,101816,101813,101521,101506,101429,101310,101309,101308,101247,101176,101042,100990,100883,100833,100701,100472,100236,100010,100009,99989,99926,99755,99575,99573,99184,99171,99148,99074,99070,99069,99018,99017,99016,99015,99014,99013,99012,99011,99010,99009,99008,99007,99006,99003,99002,98986,98962,98960,98884,98825,98816,98802,98560,98509,98169,97988,97881,97852,97838,97752,97711,97461,97432,97422,97418,97397,97389,97367,97264,97142,97118,96905,96889,96809,96807,96753,96715,96544,96417,96416,96366,96345,96337,96257,96044,95972,95783,95706,95629,95423,95323,95321,95320,95000,94870,94815,94796,94791,94695,94476,94260,94257,94204,94203,94202,94201,94200,94199,94198,94197,94196,94195,94194,94193,94192,94191,94190,94189,94188,94187,94186,94185,94184,94183,94182,94181,94180,94179,94178,94163,94126,94008,93935,93907,93678,93677,93550,93549,93132,92986,92939,92938,92909,92614,92603,92176,92169,92168,92156,92001,91962,91826,91768,91763,91672,91497,91488,91427,91405,91365,91363,91342,91239,91015,90923,90922,90867,90770,90670,90237,90124,90017,90016,89897,89662,89584,89517,89515,89449,89383,89293,89228,88851,88824,88557,88550,88498,88240,88239,88238,88158,88156,88155,88154,88153,88152,88151,88150,88149,88148,88147,88146,88145,88144,88143,88142,88141,88140,88139,88138,88137,88136,88135,88134,88133,88132,88131,88130,88129,88128,88053,88021,87835,87813,87558,87468,87348,87347,87346,87345,87302,86817,86634,86626,86558,86504,86503,86306,86258,86118,86099,85977,85799,85627,85572,85373,85232,84884,84883,84708,84572,84571,84570,84564,84356,84348,84346,84209,84207,83957,83870,83832,83756,83684,83373,83258,82973,82951,82938,82817,82816,82815,82746,82657,81954,81719,81599,81236,80993,80965,80858,80795,80766,80756,80655,80596,80540,80539,80538,80537,80536,80535,80534,80533,80532,80531,80530,80529,80528,80527,80526,80525,80524,80523,80522,80521,80520,80519,80518,80517,80516,80515,80514,80513,80512,80511,80510,80509,80508,80507,80506,80505,80504,80503,80416,80098,79850,79849,79848,79713,79678,79673,79666,79615,79607,79558,79557,79556,79507,79385,79374,79026,79025,79024,78506,78295,78244,78142,77991,77906,77832,77771,77598,77221,77198,76986,76931,76810,76786,76628,76572,76545,76544,76319,76284,76283,76140,76139,76136,76085,75927,75926,75858,75752,75707,75704,75678,75564,75429,75279,75124,75074,74998,74966,74964,74963,74962,74961,74646,74588,74534,74308,74296,74295,74257,74129,74128,73860,73355,73063,72873,72709,72507,72374,72373,72129,71956,71907,71861,71717,71668,71555,71554,71553,71552,71551,71550,71549,71548,71547,71546,71545,71544,71543,71542,71541,71540,71539,71538,71537,71536,71535,71534,71533,71532,71531,71530,71529,71528,71527,71526,71525,71524,71523,71522,71521,71520,71519,71518,71517,71516,71515,71514,71513,71512,71511,71510,71509,71508,71507,71506,71502,71222,71107,70982,70742,70741,70740,70626,70625,70597,70579,70463,70393,70043,70038,69731,69730,69729,69728,69129,68905,68837,68518,68388,68304,68229,68088,67809,67772,67582,67383,67321,67183,67134,67133,67132,67131,67096,66895,66865,66546,66389,66388,66387,66386,66377,66117,66114,66093,65627,65509,65479,65347,65323,65290,65138,64990,64947,64946,64945,64944,64943,64942,64235,64054,63856,63855,63243,63176,63137,62990,62900,62584,62477,62095,61876,61571,61570,61569,61240,61088,61087,61086,61085,61084,61083,61082,61081,61080,61079,61078,61077,61076,61075,61074,61073,61072,61071,61070,61069,61068,61067,61066,61065,61064,61063,61062,61061,61060,61059,61058,61057,61056,61055,61054,61053,61052,61051,61050,61049,61048,61047,61046,61045,61044,61043,61042,61041,61040,61039,61038,61037,61036,61035,61034,61033,61032,60998,60761,60621,60603,60511,60202,60064,60010,59842,59725,59624,59623,59386,59052,59051,59050,58969,58452,58062,58016,57660,57657,57519,56949,56889,56699,56508,56243,56204,56062,55955,55941,55895,55586,55428,55427,55426,54932,54620,54226,54014,53867,53820,53819,53818,53817,53816,53815,53382,53235,53218,53020,52864,52671,52638,52637,52312,52090,52017,51839,51149,51109,51072,50673,50672,50671,50186,50046,49959,49838,49661,49660,49659,49658,49657,49656,49655,49654,49653,49652,49651,49650,49649,49648,49647,49646,49645,49644,49643,49642,49641,49640,49639,49638,49637,49636,49635,49634,49633,49632,49631,49630,49629,49628,49627,49626,49625,49624,49623,49622,49621,49620,49619,49618,49617,49616,49615,49614,49613,49612,49611,49610,49609,49608,49334,49074,48783,48298,48164,47616,47615,47100,47097,47027,47011,46225,46204,46185,45988,45982,45408,45196,44841,44748,44659,44560,44546,44509,44410,44359,44098,43881,43434,43394,43357,43344,43005,42254,42203,42202,42201,42200,42199,42198,42197,42196,42195,42194,41655,41136,40763,40529,39928,39524,39111,39110,39109,38315,38135,38122,38121,38120,38119,38118,38117,38116,38115,38114,38113,38112,38111,38110,38109,38108,38107,38106,38105,38104,38103,38102,38101,38100,38099,38098,38097,38096,38095,38094,38093,38092,38091,38090,38089,38088,38087,38086,38085,38084,38083,38082,38081,38080,38079,38078,38077,38076,38075,38074,38073,38072,38071,38070,37236,37083,36961,36681,36565,35738,35669,34852,34696,34384,33533,33402,33146,33092,32945,32929,32693,32242,31242,31037,31036,31035,31034,31033,31032,31031,31030,31029,28868,28182,28181,27262,27261,27260,27259,27258,27257,27256,27255,27254,27253,27252,27251,27250,27249,27248,27247,27246,27245,27244,27243,27242,27241,27240,27239,27238,27237,27236,27235,27234,27233,27232,27231,27230,27229,27228,27227,27226,27225,27224,27223,27222,27221,27220,27219,26570,26563,26078,24017,23534,23375,22978,22663,22196,22081,21624,21226,21225,21224,19015,18908,18118,18117,18116,18115,18114,18113,18112,18111,18110,18109,18108,18107,18106,18105,18104,18103,18102,18101,18100,18099,18098,18097,18096,18095,18094,18093,18092,18091,18090,18089,18088,18087,17557,15821,14714,13988,10765,10764,10763,10762,10761,10760,10759,10758,10757,10756,10755,10754,10753,8389,5709,5708,5707,5706,5705,5704,5703,5702,5701,2649,2648
hi=113793,113783,113781,113778,113771,113769,113767,113764,113761,113742,113741,113736,113734,113727,113721,113711,113694,113693,113690,113684,113667,113640,113604,113581,113567,113515,113514,113506,113486,113449,113424,113423,113406,113383,113365,113240,113239,113233,113204,113195,113194,113190,113186,113183,113182,113152,113142,113119,113109,113041,112981,112980,112935,112928,112924,112920,112913,112912,112909,112904,112902,112872,112870,112869,112849,112820,112807,112776,112772,112723,112713,112700,112686,112633,112632,112631,112630,112629,112620,112580,112559,112558,112538,112537,112531,112530,112527,112520,112518,112514,112509,112505,112503,112494,112488,112484,112478,112477,112476,112432,112429,112428,112355,112354,112353,112352,112351,112350,112349,112340,112299,112294,112286,112269,112260,112180,112179,112178,112177,112176,112175,112174,112173,112172,112127,112109,112102,112078,112077,112061,112046,112037,112033,112025,112021,112016,111999,111992,111982,111977,111967,111966,111965,111949,111948,111947,111916,111903,111895,111874,111859,111851,111847,111846,111845,111810,111793,111792,111756,111753,111752,111751,111738,111702,111679,111674,111659,111624,111597,111563,111533,111532,111531,111530,111524,111459,111439,111400,111374,111373,111372,111371,111370,111369,111368,111359,111353,111340,111328,111322,111313,111281,111260,111250,111227,111226,111225,111224,111188,111187,111173,111172,111163,111139,111118,111105,111089,111083,111082,111077,111076,111050,111004,111003,111002,111000,110996,110981,110953,110952,110951,110943,110923,110922,110916,110891,110886,110883,110875,110792,110769,110677,110667,110666,110665,110664,110659,110568,110567,110566,110565,110555,110525,110512,110507,110496,110471,110455,110454,110453,110452,110451,110450,110449,110432,110396,110374,110372,110363,110334,110300,110280,110279,110262,110261,110260,110259,110216,110205,110183,110135,110132,110131,110118,110117,110112,110104,110077,110071,110070,110055,110054,110053,110035,110021,109962,109961,109952,109917,109898,109885,109884,109858,109849,109808,109797,109763,109705,109688,109672,109655,109644,109640,109598,109589,109531,109521,109520,109519,109518,109517,109516,109515,109490,109468,109466,109424,109420,109418,109381,109380,109379,109378,109377,109355,109343,109306,109278,109273,109242,109241,109219,109187,109172,109171,109170,109169,109168,109167,109166,109165,109164,109163,109089,109077,109069,109054,109006,109005,108980,108952,108939,108938,108931,108930,108909,108908,108907,108906,108905,108904,108903,108902,108901,108900,108899,108898,108879,108835,108821,108817,108813,108802,108801,108800,108799,108776,108746,108744,108738,108723,108711,108710,108693,108683,108665,108663,108656,108641,108640,108639,108638,108608,108553,108517,108516,108515,108494,108487,108446,108430,108398,108371,108355,108271,108237,108232,108231,108223,108177,108152,108099,108097,108024,107930,107929,107928,107927,107926,107925,107924,107923,107922,107862,107860,107851,107792,107740,107739,107713,107686,107633,107612,107518,107472,107461,107452,107451,107450,107449,107448,107447,107446,107445,107444,107443,107442,107405,107403,107399,107340,107324,107322,107320,107251,107241,107234,107226,107192,107156,107148,107135,107106,107105,107104,107103,107102,107101,107100,107099,107098,107097,107096,107095,107094,107093,107092,107091,107026,107025,106993,106971,106970,106956,106941,106940,106939,106938,106937,106936,106935,106934,106933,106918,106916,106870,106866,106864,106838,106831,106782,106781,106754,106726,106678,106647,106571,106518,106515,106451,106448,106447,106424,106407,106326,106324,106309,106245,106206,106160,106159,106108,106103,106079,106049,106044,106025,106023,105860,105787,105786,105785,105784,105783,105782,105781,105780,105779,105778,105777,105776,105755,105742,105691,105647,105509,105508,105479,105453,105442,105422,105397,105393,105359,105353,105180,105167,105153,105152,105150,105129,105128,105127,105126,105125,105124,105123,105122,105121,105120,105119,105118,105117,105116,105115,105059,104962,104952,104949,104927,104906,104903,104861,104855,104854,104853,104852,104764,104685,104684,104673,104649,104636,104633,104632,104631,104630,104629,104628,104627,104626,104625,104624,104623,104622,104621,104620,104619,104618,104617,104616,104615,104614,104613,104612,104611,104610,104609,104608,104607,104528,104522,104494,104466,104465,104461,104438,104409,104408,104407,104406,104405,104404,104395,104394,104375,104333,104280,104275,104271,104241,104240,104229,104228,104193,104192,104191,104190,104189,104095,104025,104017,103940,103939,103918,103917,103898,103852,103840,103808,103786,103782,103781,103776,103775,103748,103739,103734,103732,103621,103618,103613,103612,103605,103467,103465,103450,103366,103361,103327,103326,103325,103295,103258,103249,102980,102940,102939,102938,102937,102936,102935,102934,102933,102932,102931,102897,102847,102843,102827,102814,102801,102795,102794,102778,102765,102759,102718,102677,102589,102526,102520,102478,102354,102353,102302,102106,102082,102081,102080,102079,102078,102077,102076,102075,102074,102073,102072,102071,102070,102069,102068,102067,102066,102065,102064,102063,102060,102022,101974,101915,101886,101868,101865,101768,101767,101749,101748,101706,101700,101690,101689,101688,101557,101556,101551,101547,101546,101545,101523,101513,101488,101487,101486,101485,101484,101483,101482,101481,101480,101479,101478,101477,101476,101475,101474,101473,101472,101471,101470,101423,101356,101355,101343,101337,101335,101314,101258,101257,101244,101231,101187,101186,101185,101184,101179,101177,101165,101152,101146,101129,101065,101045,100995,100993,100992,100988,100981,100977,100931,100896,100895,100894,100893,100892,100891,100890,100889,100888,100846,100843,100839,100838,100836,100835,100834,100812,100775,100772,100762,100756,100739,100725,100722,100687,100622,100533,100510,100477,100476,100411,100381,100328,100316,100308,100288,100282,100278,100277,100276,100227,100224,100216,100168,100117,100083,100057,100031,99952,99899,99888,99869,99816,99804,99789,99784,99771,99770,99739,99738,99737,99736,99735,99694,99685,99684,99676,99668,99630,99559,99464,99427,99221,99220,99219,99218,99217,99216,99215,99214,99213,99212,99168,99147,99143,99137,99072,99061,99040,99010,98985,98976,98975,98965,98910,98903,98902,98893,98892,98890,98881,98879,98854,98805,98663,98639,98637,98575,98478,98448,98443,98371,98356,98079,98078,98077,98076,98075,98074,98073,98072,98071,98070,98069,98068,98067,98066,98065,98064,98063,98062,98061,98060,98059,98058,98057,98056,98055,98002,97994,97984,97962,97929,97925,97924,97886,97875,97853,97834,97829,97818,97782,97728,97715,97684,97674,97668,97648,97626,97612,97603,97595,97591,97590,97544,97528,97457,97434,97423,97419,97417,97391,97390,97370,97352,97351,97350,97349,97348,97347,97346,97345,97344,97343,97342,97341,97340,97339,97338,97322,97318,97285,97281,97272,97253,97203,97200,97151,97146,97140,97139,97107,97098,97035,97032,97019,96998,96976,96941,96940,96939,96938,96937,96936,96935,96934,96933,96910,96896,96885,96884,96875,96866,96865,96835,96751,96748,96718,96687,96657,96656,96651,96648,96556,96555,96554,96553,96552,96551,96550,96549,96504,96494,96489,96487,96486,96477,96475,96472,96466,96465,96447,96433,96432,96382,96377,96360,96340,96338,96334,96314,96289,96287,96253,96175,96164,96160,96155,96057,95860,95859,95801,95772,95741,95740,95739,95738,95737,95736,95674,95658,95644,95598,95512,95511,95503,95482,95481,95474,95471,95447,95432,95412,95404,95386,95371,95361,95355,95302,95293,95272,95189,95175,95168,95167,95163,95152,95125,95123,95112,95066,95065,95064,95063,95062,95012,95009,94996,94985,94947,94901,94734,94702,94573,94534,94526,94498,94493,94444,94443,94442,94441,94440,94439,94438,94437,94436,94435,94434,94433,94432,94431,94430,94429,94428,94427,94399,94370,94346,94334,94276,94220,94194,94176,94147,94022,94019,93987,93982,93976,93962,93926,93908,93788,93779,93748,93742,93737,93713,93430,93388,93386,93385,93379,93361,93347,93336,93321,93095,93085,93073,93013,93012,93011,93010,93009,93008,93007,93006,93005,93004,93003,93002,93001,93000,92999,92998,92997,92996,92995,92994,92993,92992,92991,92990,92989,92936,92922,92900,92882,92836,92820,92814,92807,92792,92788,92779,92778,92776,92726,92725,92712,92708,92700,92647,92638,92554,92517,92471,92470,92402,92395,92390,92361,92317,92312,92311,92310,92235,92197,92194,92193,92158,92102,92101,92100,92099,92098,92097,92096,92095,92094,92093,92092,92091,92090,92089,92088,92087,92086,92085,92050,92038,92012,91896,91881,91857,91837,91836,91834,91823,91815,91789,91732,91692,91671,91639,91607,91601,91542,91539,91537,91536,91535,91534,91533,91532,91531,91530,91529,91517,91503,91470,91469,91467,91449,91441,91422,91383,91371,91298,91297,91272,91271,91270,91230,91199,91198,91167,91046,91045,91044,91043,91042,91041,91040,91039,91038,91037,91036,91035,91034,91033,91032,91026,90988,90889,90888,90887,90879,90821,90812,90791,90787,90679,90636,90591,90549,90536,90535,90510,90426,90425,90406,90360,90258,90247,90232,90231,90171,90170,90168,90154,90151,90134,90121,90120,90118,90102,90070,90069,90064,90063,90062,90061,90060,90059,90058,90057,90047,90005,89969,89968,89960,89953,89952,89936,89934,89928,89771,89760,89754,89736,89660,89572,89545,89534,89518,89510,89501,89500,89491,89412,89343,89271,89268,89257,89245,89243,89194,89193,89192,89191,89190,89186,89108,89092,89087,89022,88955,88832,88775,88725,88724,88554,88512,88494,88452,88451,88450,88449,88448,88447,88446,88445,88444,88443,88442,88441,88440,88439,88438,88437,88436,88435,88434,88433,88403,88384,88356,88265,88262,88252,88251,88237,88217,88209,88183,87944,87931,87930,87904,87887,87885,87880,87827,87822,87803,87642,87609,87591,87504,87485,87464,87330,87303,87253,87186,87172,87147,87146,87123,87061,87050,87034,86766,86714,86674,86673,86672,86671,86670,86669,86668,86667,86666,86665,86664,86663,86662,86661,86660,86659,86658,86657,86656,86655,86654,86653,86652,86651,86650,86649,86648,86647,86646,86645,86644,86535,86534,86531,86530,86520,86401,86393,86392,86362,86328,86327,86317,86295,86294,86243,86196,86195,86188,86154,86149,86143,86137,86124,86116,86094,86091,86052,86051,86038,86037,85988,85928,85927,85926,85892,85881,85855,85854,85843,85832,85796,85755,85739,85738,85704,85625,85615,85614,85608,85607,85606,85596,85498,85497,85496,85495,85494,85493,85492,85491,85490,85489,85488,85487,85486,85485,85484,85483,85482,85481,85480,85479,85478,85477,85476,85475,85474,85473,85451,85424,85395,85392,85268,85223,85161,85160,85127,85056,85025,84899,84897,84896,84893,84854,84769,84768,84767,84766,84765,84764,84763,84762,84740,84724,84720,84694,84693,84652,84651,84643,84641,84640,84575,84494,84491,84470,84451,84443,84442,84439,84438,84400,84397,84396,84389,84345,84339,84295,84282,84281,84268,84248,84247,84157,84120,84119,84118,84117,84116,84115,84114,84113,84112,84111,84110,84109,84108,84107,84106,84105,84104,84103,84102,84101,84100,84099,84098,84097,84096,84095,84032,84031,84001,83905,83904,83895,83862,83821,83819,83811,83774,83586,83478,83472,83440,83374,83356,83349,83328,83262,83132,83095,83028,83014,82949,82947,82877,82876,82875,82874,82873,82872,82871,82854,82826,82790,82758,82750,82730,82683,82643,82526,82515,82467,82440,82435,82434,82417,82357,82341,82333,82227,82224,82163,82162,82161,82154,82132,82113,82020,81989,81978,81951,81896,81865,81800,81760,81756,81687,81665,81601,81397,81320,81255,81246,81245,81163,80910,80909,80908,80907,80906,80905,80904,80903,80902,80901,80900,80899,80898,80897,80896,80895,80894,80893,80892,80891,80890,80832,80826,80697,80679,80653,80652,80651,80630,80626,80615,80564,80488,80487,80467,80358,80329,80284,80283,80281,80266,80265,80234,80211,80185,80130,80109,80024,79997,79976,79953,79951,79943,79914,79862,79837,79830,79824,79742,79730,79705,79681,79546,79448,79372,79362,79360,79305,79304,79217,79161,78984,78819,78717,78716,78715,78714,78713,78712,78711,78710,78709,78708,78707,78706,78705,78704,78703,78702,78701,78700,78699,78698,78697,78696,78695,78694,78693,78692,78691,78690,78689,78688,78687,78686,78685,78684,78683,78682,78540,78539,78528,78393,78372,78355,78311,78279,78278,78265,78257,78232,78130,77980,77977,77932,77909,77880,77855,77815,77805,77803,77802,77792,77766,77731,77725,77720,77690,77689,77684,77674,77673,77609,77541,77540,77399,77393,77392,77349,77348,77345,77289,77288,77287,77286,77285,77284,77283,77282,77281,77280,77279,77278,77277,77276,77275,77274,77273,77272,77271,77270,77269,77268,77267,77266,77265,77193,77192,76873,76854,76811,76795,76769,76765,76749,76682,76616,76615,76586,76585,76584,76579,76564,76559,76549,76515,76514,76508,76507,76498,76467,76411,76410,76409,76408,76407,76406,76405,76404,76403,76402,76365,76332,76323,76309,76289,76288,76287,76244,76174,76159,76145,76144,76143,76024,75997,75987,75977,75967,75961,75912,75896,75868,75845,75797,75786,75767,75765,75757,75756,75755,75734,75603,75602,75601,75600,75599,75598,75597,75596,75595,75594,75593,75592,75591,75590,75589,75588,75587,75586,75585,75584,75583,75582,75581,75580,75579,75578,75577,75576,75575,75378,75377,75368,75305,75276,75244,75210,75209,75208,75149,75147,74988,74828,74817,74812,74805,74797,74776,74338,74292,74291,74191,74108,73985,73939,73907,73820,73792,73766,73735,73712,73688,73687,73597,73593,73588,73552,73551,73412,73411,73388,73387,73375,73337,73322,73051,72991,72953,72936,72934,72904,72901,72813,72810,72809,72799,72798,72784,72780,72526,72512,72341,72171,72036,72035,72034,72033,72032,72031,72030,72029,72028,72027,72026,72025,72024,72023,72022,72021,72020,72019,72018,72017,72016,72015,72014,72013,71945,71906,71800,71799,71797,71726,71690,71666,71493,71358,71287,71245,71214,71213,71181,71121,71081,71080,71079,70955,70954,70953,70951,70931,70930,70715,70714,70713,70705,70702,70678,70650,70599,70580,70241,70150,70133,70132,70007,69937,69887,69572,69526,69525,69486,69391,69390,69389,69388,69387,69386,69385,69384,69383,69382,69381,69380,69379,69378,69377,69376,69375,69374,69373,69372,69371,69370,69369,69368,69367,69366,69365,69364,69363,69362,69361,69360,69359,69358,69357,69356,69355,69016,69015,68977,68943,68942,68930,68884,68867,68858,68780,68725,68625,68615,68345,68344,68295,68254,68205,68190,68189,68100,68047,67948,67815,67814,67813,67740,67739,67738,67737,67736,67735,67734,67733,67732,67731,67730,67729,67728,67727,67726,67629,67580,67333,67228,67173,67150,67073,66951,66943,66942,66936,66916,66915,66905,66868,66828,66816,66715,66714,66713,66712,66711,66710,66709,66708,66707,66706,66705,66704,66703,66702,66673,66624,66620,66552,66551,66393,66392,66180,66031,66027,66016,66013,65927,65916,65884,65857,65842,65770,65714,65713,65712,65711,65710,65709,65708,65707,65706,65705,65704,65703,65702,65701,65700,65699,65698,65697,65696,65695,65694,65693,65692,65691,65600,65453,65452,65411,65363,65319,65299,65221,65007,64977,64900,64777,64729,64728,64699,64698,64336,64285,64227,64202,64201,64197,64193,64114,64113,63946,63724,63653,63624,63622,63621,63613,63612,63611,63466,63423,63416,63415,63404,63383,63348,63336,63299,63298,63292,63247,63228,63145,62923,62922,62828,62825,62754,62624,62616,62558,62541,62536,62517,62257,62256,62106,62016,61734,61733,61732,61731,61730,61729,61728,61727,61726,61725,61724,61723,61722,61721,61720,61719,61718,61717,61716,61715,61714,61713,61712,61711,61710,61709,61708,61707,61706,61705,61704,61703,61702,61701,61700,61699,61698,61697,61696,61435,61316,61293,61275,61274,61273,61272,61235,61210,60757,60595,60441,60440,60439,60438,60437,60410,60381,60213,60177,60176,60161,60156,60125,60106,60086,60018,60002,59818,59630,59529,59509,59412,59411,59217,59185,58911,58862,58720,58719,58718,58717,58716,58715,58714,58713,58712,58711,58710,58709,58708,58707,58706,58705,58704,58703,58702,58701,58700,58699,58698,58697,58696,58695,58694,58693,58692,58691,58690,58689,58688,58687,58686,58516,58515,58320,58319,58318,58284,58247,58163,57924,57837,57758,57746,57706,57572,57496,57495,57449,57440,57404,57401,57280,57216,57174,57173,56940,56859,56858,56857,56856,56855,56854,56853,56852,56851,56850,56849,56848,56847,56713,56462,56446,56439,56401,56332,56260,56036,56028,56020,55974,55973,55915,55890,55889,55858,55781,55780,55779,55778,55777,55776,55775,55774,55773,55772,55771,55770,55769,55768,55767,55766,55765,55764,55763,55672,55669,55581,55453,55420,55245,55202,55034,55015,55014,55013,55012,54899,54898,54882,54881,54847,54759,54751,54703,54702,54701,54700,54699,54698,54697,54696,54695,54694,54693,54692,54691,54690,54689,54688,54687,54686,54685,54684,54683,54682,54681,54680,54679,54678,54563,54465,54448,54383,54295,54020,53858,53857,53765,53615,53560,53533,53018,52910,52909,52520,52386,52385,52360,52220,52210,52149,52136,52133,52071,52053,52020,51940,51786,51655,51636,51550,51326,51316,51301,51297,51165,51136,51126,50853,50832,50687,50329,50328,50327,50326,50325,50324,50323,50322,50321,50320,50319,50318,50317,50316,50315,50314,50313,50312,50311,50310,50309,50308,50307,50306,50305,50304,50303,50302,50301,50300,50299,50298,50297,50296,50295,50294,50293,50292,50291,50290,50289,50288,50071,50070,49921,49920,49893,49878,49877,49791,49790,49724,49021,48980,48800,48758,48757,48746,48745,48462,48461,48053,48052,47970,47969,47776,47316,47315,47314,47313,47312,47311,47310,47309,47308,47307,47306,47305,47304,47303,47302,47301,47300,47299,47298,47297,47296,47136,46957,46950,46892,46469,46388,46229,46154,46153,45966,45965,45914,45865,45714,45711,45703,45610,45609,45608,45580,45344,45343,45342,45341,45340,45339,45338,45337,45336,45335,44944,44928,44891,44839,44761,44760,44599,44443,44384,44357,44313,44234,44233,44232,44231,44230,44229,44228,44227,44226,44225,44224,44223,44222,44221,43911,43717,43471,43305,43287,43107,43106,43105,43104,43103,43102,43101,43100,43099,43098,43097,43096,43095,43094,43093,43092,43091,42844,42773,42747,42703,42674,42673,42516,42404,42244,42243,41983,41982,41921,41384,40982,40836,40835,40813,40661,40656,40586,40233,40079,39984,39832,39757,39731,39728,39675,39549,39548,39541,39389,39271,38778,38777,38776,38775,38774,38773,38772,38771,38770,38769,38768,38767,38766,38765,38764,38763,38762,38761,38760,38759,38758,38757,38756,38755,38754,38753,38752,38751,38750,38749,38748,38561,38515,38399,38259,37562,37510,37265,37252,37046,36990,36576,35930,35929,35928,35927,35926,35925,35924,35923,35922,35921,35920,35919,35918,35917,35916,35915,35914,35913,35912,35911,35685,35596,34681,34636,34614,34574,34381,34258,34035,34034,34033,33541,33169,33042,33041,33040,33039,33038,33037,32264,31903,31902,31901,31900,31899,31898,31897,31561,31515,31479,31074,30325,29935,29809,28735,28668,28553,28546,28405,27928,27927,27926,27925,27924,27923,27922,27921,27920,27919,27918,27917,27916,27915,27914,27913,27912,27911,27910,27909,27908,27907,27906,27905,27904,27903,26879,26878,26833,25423,25422,25421,25420,25419,25418,25417,25416,25415,25414,25413,25412,25411,25410,24409,24356,24355,24345,24257,24239,23849,22937,22936,22935,22934,22933,22932,22008,22007,22006,22005,22004,22003,22002,22001,22000,21999,21998,21997,21996,21525,21478,21477,21253,20649,20361,20225,20063,19391,18738,18737,18736,18735,18734,18733,18732,18731,18730,18729,18728,18727,18726,18725,18724,18723,18722,18721,17825,16620,16619,16618,16617,15835,15817,14627,14626,14625,14624,14623,13832,13831,13830,13829,13828,13827,13826,13825,13824,13823,13822,13375,13333,12733,12413,12265,11202,11201,11200,11199,11198,11197,11196,11195,11194,11193,11192,11191,11190,11189,11188,10886,9755,8329,8328,8327,8326,7725,7724,6801,5973,5972,5971,5970,5969,5968,5967,5966,5965,5964,5963,5962,5961,5776,5498,2812,2811,2810,2809,1101
wsi=93030,86246,80493,79776,71499,68940,68767,60089,60088,58141,58035,48677,48614,44106,40564,29594,29593,27382
fto=99110,99109,95021,94300,89128,81688,80736,72811,71843,71828,65288,54221,23990,15482
kp=113173,113077,112898,112757,112516,112008,111860,111366,111307,110751,110447,109612,109165,107444,106871,104321,102311,101044,98368,98150,96764,96763,96755,93653,93363,93113,91291,91278,90208,87514,87079,84469,83066,76010,62115,50696
md=88544,87878,81021,80206,71788,61423,60115,48710,38027
nw=112059,111592,111398,110759,107026,106835,105748,105211,104522,104521,104520,104519,104518,104273,102174,101344,101343,101342,101341,101340,101339,100041,99804,99477,99470,98645,98581,97153,97152,97151,97150,97149,97148,95777,95776,95456,95408,95152,94762,94756,94488,93747,93746,93745,93663,93638,91837,91836,91835,91834,91833,91832,91831,91830,91213,90519,90112,90111,89643,88821,88815,88504,87641,87640,87488,87487,85139,85138,85137,85136,85135,85134,85133,85132,84869,84859,84824,84455,84394,84361,82937,82535,82334,82333,81388,81381,81380,80973,76972,76888,76887,76886,76885,76884,76883,76882,76881,76880,76879,76533,76524,76473,75992,74787,74256,74255,73831,73589,73588,73378,73377,73028,72504,72503,72109,71066,70902,70901,70900,67261,67260,67259,67258,67257,67256,67255,67254,67253,65341,64754,64181,64180,63197,62796,62623,62232,62231,62224,62223,62222,60577,60576,60380,60379,56383,56382,56381,56380,56379,56378,56377,56376,56375,56374,56373,56372,56371,56370,56369,56368,55454,54292,53587,53586,52987,51510,51315,50823,50822,50821,50812,50811,50810,50068,48957,44872,44871,44870,44869,44868,44867,44866,44865,44298,43912,41954,40797,39261,39254,39253,39252,39251,38555,37474,37473,37472,33653,33652,33106,32719,29807,28304,28303,28302,26784,23489,23488,23487,23486,23485,19006,15105,15104,15103
pk=110083,109317,108684,107655,106954,104422,100522,97928,96035,92839,89132,85155,84239,82941,81728,76908,76501,75742,74261,66809,63344,52064
sr=112128,109741,108236,107642,106196,103463,99885,95262,95261,93609,89436,89435,87437,87436,87435,79653,79652,73542,73283,73282,70506,70505,69489,66145,63400,63084,63083,59925,59924,59923,59922,59921,59920,59318,58817,55170,52119,51810,51809,51808,51807,51806,48500,48499,48498,48497,48496,48495,43616,41727,40566,40248,40247,40246,40245,40244,37014,37013,37012,37011,37010,32410,30626,29273,29272,29271,29270,26344,26343,26342,19796,19795,17335,17334,15847,10202,10201,9213,612,157
uf=112669,112439,112438,112422,112417,112227,112226,111887,111886,111861,111509,111363,111130,111129,111128,111099,110738,110644,110444,110154,108767,108766,108374,108158,107882,107802,107429,107393,106897,106896,106642,106363,106319,106101,106100,105925,105924,105712,105692,105609,105145,105144,105143,105100,105099,105051,104815,104663,104500,104352,104351,104350,104209,104008,103943,103603,103351,103350,103098,102972,102971,102844,102813,102812,102481,102103,102102,102101,102050,101996,101990,101968,101535,101322,101092,101091,101090,100913,100912,100844,100842,100841,100798,100640,100517,100516,100515,100142,99768,99087,99086,99038,99037,99026,98915,98914,98913,98577,98105,97956,97950,97920,97919,97918,97917,97849,97121,96818,96817,96816,96815,96814,96778,96675,96590,96589,96484,96483,96482,96480,96351,96182,96028,95574,95473,95330,95318,94515,94514,94513,94278,94275,94214,94067,94066,93434,93042,92832,92831,92830,92829,92764,92737,92472,91810,91796,91363,91362,91361,91360,91359,91358,91305,91184,91183,91182,91085,90951,90950,90949,90781,90418,90417,90416,90234,89727,89532,89531,89530,89512,88535,88534,88271,88261,88260,88259,88187,87541,87179,87133,87132,86703,86618,86435,86383,86382,86381,86380,86379,86378,86297,86256,86255,86254,84930,84712,84564,84563,84562,84561,84560,84559,84500,84499,84498,84315,84314,84313,84312,84311,84310,84252,83987,83986,83872,83871,83517,83338,83337,83336,83335,83096,82198,82197,82196,82195,80685,80684,80683,80585,80570,80490,80316,79823,79280,78651,78411,78342,78341,78340,78339,78338,78337,78235,78180,76933,76624,76324,76136,76135,76134,76133,76061,76060,76059,75849,75825,75824,75823,75822,75821,75763,75522,75441,75437,75283,75282,75281,75280,75136,74856,74671,74670,74440,74439,73426,73425,72926,72144,71771,71602,71494,71318,70672,70671,70670,69437,68964,68963,68962,68832,68778,67324,66972,66971,66959,66958,66377,66376,66375,66286,66026,65973,65972,65630,65518,65327,65326,65325,65324,65146,64652,64399,63263,63237,62684,62497,61847,61403,60111,60110,60109,59368,58758,58266,58265,58264,58050,57504,57503,57502,56359,56067,56047,55416,55333,54966,54887,54270,54269,53480,53226,51979,51953,51383,51099,50041,50029,48704,47906,46832,45975,45974,44568,44567,44566,44565,44094,43796,43384,43295,42648,42647,40411,39815,39814,38527,37212,33393,33392,33391,33390,32904,31451,30577,29441,28845,23237,21625,20856,14913,14912,8545,8544
vy=113237,112977,111374,105129,105128,105113,104239,104093,102446,100818,97596,97254,94771,94386,86725,86674,86640,84092,83706,79698,75455,75344,73510,72827,71948,70899,67650,66591,64528,63992,62622,61389,59410,56690,51313,49965,47195,46463,40553,39596,36586,33129,29543,28644,26783,19049
xm=84718,84717,84185,75685,68396,68395
za=113806,113798,113789,113786,113771,113765,113750,113749,113746,113743,113737,113733,113728,113712,113710,113707,113700,113695,113680,113671,113670,113669,113658,113645,113642,113641,113639,113638,113616,113614,113602,113584,113572,113571,113570,113550,113549,113548,113529,113522,113517,113513,113505,113492,113474,113463,113456,113454,113453,113451,113426,113425,113392,113391,113389,113381,113379,113378,113364,113361,113344,113283,113277,113275,113253,113235,113234,113227,113201,113200,113198,113180,113177,113175,113158,113157,113156,113150,113146,113143,113140,113130,113128,113125,113104,113101,113076,113044,113039,113033,113014,113003,112988,112987,112975,112974,112973,112966,112965,112963,112957,112936,112921,112910,112908,112901,112877,112876,112875,112864,112858,112851,112850,112837,112831,112805,112804,112801,112794,112793,112768,112761,112755,112749,112717,112716,112710,112707,112702,112698,112697,112675,112673,112659,112643,112639,112618,112614,112606,112605,112574,112569,112545,112529,112528,112513,112487,112467,112423,112403,112395,112394,112390,112389,112375,112366,112364,112336,112306,112304,112297,112291,112290,112281,112275,112266,112232,112231,112210,112158,112136,112094,112057,112036,112035,112006,111987,111963,111953,111952,111901,111877,111868,111838,111823,111813,111769,111767,111700,111689,111685,111683,111682,111627,111585,111582,111508,111501,111395,111394,111364,111357,111348,111284,111283,111275,111248,111231,111147,111121,110966,110884,110860,110858,110794,110757,110748,110736,110697,110654,110643,110511,110425,110391,110333,110291,110290,110289,110288,110287,110286,110285,110242,110217,110199,110139,109806,109617,109606,109585,109551,109499,109498,109443,109272,109271,109144,109143,109142,108950,108949,108948,108947,108946,108945,108944,108943,108942,108941,108891,108846,108825,108690,108675,108587,108586,108164,108123,108019,107902,107830,107588,107587,107580,107575,107553,107552,107491,107431,107415,107384,107151,107150,107149,107117,107087,107056,107032,106983,106982,106770,106652,106408,106266,106123,106114,106062,105943,105738,105711,105688,105667,105325,105316,105310,105283,105102,105047,105040,104914,104855,104708,104707,104706,104705,104704,104703,104702,104701,104700,104699,104698,104659,104559,104455,104454,104310,104165,103733,103541,103405,103377,102893,102865,102805,102343,102342,102341,102330,101984,101920,101890,101812,101678,101590,101589,101588,101587,101586,101585,101584,101583,101582,101581,101580,101579,101578,101266,101249,101243,101033,100928,100051,99825,99799,99157,99032,98408,98407,97861,97819,97793,97717,97702,97576,97573,97469,97468,97467,97466,97465,97464,97463,97462,97046,97045,97020,97010,95800,95466,95384,95217,95134,95038,95004,94362,93141,92783,92658,92629,92561,92560,92543,92530,92376,92245,92244,92243,92242,92241,92240,91708,91707,91486,91268,90146,89612,89384,89276,89144,89102,87166,86827,86333,86050,86009,85979,85670,85669,85668,85667,85666,84713,84441,84189,81677,79335,77842,77460,77459,77458,76683,75688,72795,72527,68399,67929,67034,62260,57639
ges=112610,112070,111597,110769,110315,109936,109369,109255,109250,108768,108685,108556,107825,107697,107569,107566,106898,106517,106331,106189,106083,105790,105757,105093,104828,104675,104600,104353,103268,102467,102399,102046,101996,100907,100272,99727,99651,99440,98932,98772,98140,97903,97841,97537,96807,96285,95989,95770,95619,95550,95226,94717,93573,93459,93343,92939,92813,91663,91613,91400,91362,90343,90003,89716,88682,87719,87718,87464,87458,87217,87088,86928,86576,86337,86320,85907,85845,85354,85269,85264,85239,84994,84566,84565,83937,83527,83525,82859,82071,81806,81742,81513,81133,80816,80593,80307,79848,79705,79603,79175,79134,79090,78800,78616,78391,78344,78309,78229,78121,78066,78045,77990,77577,77316,77187,77154,77130,76984,76690,76092,76065,76026,75896,75744,75483,75263,75022,74907,74694,74601,74461,74049,74028,73417,72334,72000,71720,71577,71489,71346,70635,70483,70395,69953,69734,69733,69170,69042,68997,68890,68570,68269,68174,67893,67847,67779,67638,67046,66710,66589,66380,66379,66256,65978,65975,65803,65725,65618,65356,65334,65073,65067,64891,64764,64513,64402,64357,64273,64183,64076,63967,63935,63933,63923,63906,63826,63552,63222,63075,63070,63053,62951,62613,62601,62565,62538,62529,62427,62352,62094,62053,61977,61944,61806,61761,61680,61644,61081,61027,61022,61019,60832,60827,60659,60425,60378,60293,60291,60061,59972,59959,59852,59658,59382,59230,59057,59056,58632,58620,58504,58113,58013,57658,57654,57379,57067,57016,56775,56764,56736,56669,56659,56611,56604,56578,56542,56493,56260,55748,55742,55566,55419,55418,55395,55271,55131,55103,54996,54927,54902,54599,54570,54507,54398,54345,54337,54301,54100,53976,53857,53810,53777,53395,53312,53109,53088,52992,52966,52903,52561,52447,51832,51673,51664,51539,51158,51125,50931,50401,50190,49738,49714,49567,49464,49449,49403,49371,48784,48470,48456,48381,48380,47895,47802,47697,47114,46873,46872,46739,46727,46652,46254,46222,46126,46045,45907,45842,45783,45763,45565,45548,45289,45128,44916,44911,44703,44614,44387,43984,43596,43561,43532,43336,43039,42969,42908,42897,42894,42875,42805,42787,42571,42302,42250,42195,42160,42131,42045,42012,41814,41720,41659,41635,41620,41520,41426,41318,41272,41205,40702,40377,40340,40331,40196,40159,40153,40099,40080,40072,40055,39990,39816,39799,39566,39516,39515,39207,39112,38690,38477,38253,38252,38251,38250,38073,38043,37965,37844,37775,37618,37531,37457,37159,37144,36916,36915,36914,36913,36876,36547,36513,36326,36309,36288,36285,36196,36130,36122,36107,35774,35748,35429,35164,35121,34955,34828,34804,34741,34629,34462,34369,34268,33819,33803,33491,33428,33426,33297,32759,32685,32603,32569,32486,32473,32398,32362,32273,32159,32147,31126,31055,31041,30982,30563,30480,30234,29960,29739,29560,29241,29185,29172,29147,29121,28953,28946,28539,28325,28185,28165,28113,28011,27914,27698,27426,27425,27424,27423,27422,27176,26865,26749,26722,26690,26657,26604,26603,26535,26498,26468,26271,26270,26206,26162,25824,25637,25135,25077,25028,24893,24835,24547,24491,24402,24170,24059,23679,23394,23250,23215,23046,23028,22969,22881,22796,22772,22665,22658,22547,22532,22252,22171,22143,21771,21565,21425,21412,20979,20729,20550,20475,20380,19710,19615,19582,19352,19195,18849,18515,18485,18281,18280,18279,18278,18277,18276,18188,17717,17702,17600,17599,17427,17423,17375,17274,17153,16769,16355,16149,16138,16087,16019,15876,15800,15580,14990,14843,14276,13883,13718,13345,13216,12594,12515,12454,12349,12300,11885,11819,11792,11771,11707,11625,11572,11571,11327,11326,11112,11005,10993,10880,10879,10878,10877,10839,10495,10189,10163,9629,9087,8991,8867,8683,8355,8202,8140,7987,7766,7737,7694,7569,7523,7462,7173,6414,6367,6287,6196,6047,5772,5713,5478,5477,5467,5343,4428,3729,3574,3508,3060,3026,2952,2696,2695,2694,2553,1054,749
gmu=108715,104278
goi=111380,110462,105989,103191,103190,99545,97299,94834,92030,88891,87575,73643,71388,70708,67097,61059,60933,56472,50626,49638,46657,44889,40934,39062,37291,35315,32874,31728,29931,26607,20253,18910,18422,17604,10978,10977,10976,10412,8972,5835,5834,5833,5482,3028
xyl=113155,112874,112646,112486,112192,111962,111246,111245,110827,110431,110283,110282,109130,107702,107191,107145,105475,104763,104692,104691,104690,103069,102930,101564,101563,101562,99398,99211,97440,97439,97438,97437,97436,92212,92211,92210,92209,85633,85632
hba=113243,112642,112189,111164,110191,107923,105778,103494,99921,99217,94433,90439,89502,83371,82168
yeu=85653,85652,77441,67551,57052,56679,45493
ygi=111900,111899,111548,96050,94541,88574,83385,82974,81059,81058,74718,74299,72190,43804
hho=110267,109429,107800,104658,101527
yok=103468,101576,101575,99891,98537,97459,95281,93616,91838,89455,87452,85658,85141,79680,77446,76889,67917,67916,67262,57063,57062,45505
yrr=100533,96057,95355,83392,73479,64715,63333,53546,53545,41909
hre=113793,113781,113764,113734,106944,104204,103785,102669,102300,101866,100906,100156,98349,97784,96945,96573,96572,96510,91825,91543,91542,91541,91540,91069,90982,90789,89717,89446,86139,85165,85128,84783,84782,84781,84780,84779,84778,84777,84145,84144,84143,83775,82894,82893,82892,82441,81801,78740,78040,76430,76429,76428,76427,76426,76425,76424,76423,76422,76421,75629,75628,75627,74209,74208,73805,72954,71510,69425,67243,66729,66728,66727,66726,66725,66724,65740,65739,65155,63531,61042,61038,60446,58786,58189,56352,55800,55799,55798,55797,55796,55795,55794,54729,54072,52295,52294,49620,49027,47373,44248,44247,44246,44245,44244,43133,40745,40744,37569,33052,33051,31919,29757,22947,22946,22025,14633
hul=88536,81010,81009,81008,81007,72147,72146,66745,61850,55819,50428,50427,50426,42848,38876,38875,38874,33061,31663,28015,28014,28013,28012,22955,18800,18799,18798,13854,13853,11244,11243,11242,8931,7730,5992,5991
iau=105566,104811,81570,72683,58687,49083,40125,35911,29166,12009,6518
ici=113777,113759,113725,113665,113599,113552,113501,113429,113380,113181,113091,113008,112994,112780,112709,112669,112668,112382,112300,112278,112263,112244,112231,112227,112226,112224,112218,112121,112109,112079,112072,112019,111891,111889,111886,111797,111781,111684,111631,111598,111585,111579,111502,111469,111459,111428,111421,111324,111134,111133,111129,111128,111104,111080,110997,110986,110889,110879,110878,110864,110810,110799,110796,110771,110770,110747,110630,110576,110555,110540,110532,110508,110108,110090,109950,109949,109862,109810,109800,109799,109763,109697,109678,109675,109630,109605,109355,109329,109328,109262,109196,109070,108691,108689,108381,108322,108321,108306,108271,108268,108266,108135,108116,108086,108055,108043,108021,108016,107744,107663,107593,107515,107486,107316,107265,107264,106961,106807,106802,106797,106699,106455,106454,106406,106405,106305,106281,106240,106239,106237,106070,106052,106014,105947,105925,105582,105533,105518,105425,105338,105225,104940,104870,104858,104857,104431,104372,104222,104220,104139,104082,103791,103790,103779,103762,103730,103729,103682,103671,103583,103383,103285,103217,103210,103072,103029,102626,101765,101756,101729,101723,101702,101383,101382,101324,101268,101160,101098,101091,101090,100922,100803,100509,100281,100243,100223,100222,100027,99901,99756,99677,99577,99571,99405,99204,99203,98833,98832,98806,98595,98406,98124,97770,97394,97219,97218,96907,96380,96021,95967,95854,95823,95789,95688,95663,95662,95661,95660,95439,95438,95437,95428,95343,95294,94877,94876,94692,94691,94669,94668,94663,94468,94467,94410,94191,94190,94152,94151,93949,93948,93914,93781,93685,93675,93657,93486,93417,93391,93068,93059,92627,92481,92420,92419,92163,91930,91929,91523,91103,91102,90822,90412,90182,90136,89942,89773,89689,89669,89300,89188,89187,88938,88740,88694,88654,88636,88479,88405,88195,88194,88142,88085,87845,87844,87671,87564,87471,87315,87128,87098,86732,86477,85936,85871,85870,85869,85296,85270,85269,85213,85131,84445,84178,84174,84036,83796,83344,83343,83332,83170,83097,83029,82782,82734,82495,82221,81923,81898,81897,81795,81794,81375,80846,80590,80204,80177,80158,80157,80156,79858,79856,79716,79423,79238,79034,78791,78483,78267,77907,77775,77702,77084,77057,77032,76985,76859,76688,76296,76201,76200,75973,75899,75836,75835,75289,75077,74681,74674,74359,74149,74098,74044,74043,73923,73922,73394,73308,73096,73095,73072,72966,72946,72945,72890,72468,72332,72265,72208,71619,71176,71143,70954,70953,70753,70582,70220,69839,69739,69509,69487,69446,69445,69135,68483,68359,68343,68240,68225,67526,67436,66805,66560,66456,66381,66226,66100,65999,65998,65782,65344,64954,64657,64305,63962,63829,63602,63601,63558,63302,63113,62869,62752,62727,62705,62704,62643,62225,62050,61189,60440,60439,60005,60004,59796,59604,59371,59370,58952,58921,58844,57580,57306,56592,56591,56590,55885,55421,55250,55095,55094,54999,54998,54997,54773,54772,53830,53631,53331,53330,53144,52832,52371,52370,52327,52023,51336,51335,51246,51137,51074,51073,50815,50474,48806,48580,48376,48188,48174,48173,47912,47911,47533,47532,47497,46083,45733,43872,43871,43520,43420,43298,43178,43177,42715,42527,42004,41747,41304,40662,39769,39768,39479,39478,39055,38913,38912,37771,37451,37315,37314,36696,36695,36117,34800,33285,32686,32231,32190,32061,31843,31529,31528,28496,28148,28046,28045,27034,26632,26262,26261,24429,22266,21948,21690,21487,21486,19156,18844,18814,18813,17629,17265,13338,11256,11255,10430,7380,6283,6000
ikk=112878,112490
inr=59215,47774,39152,18930,11345,6060
ipf=104252,100950,91145,84238
ism=113714,113646,113360,113144,112922,112786,112648,112546,112387,112072,111994,111975,111599,111421,111258,111001,110773,110682,110527,110163,110046,109966,109960,109947,109858,109536,109348,109308,108773,108691,108624,108530,108458,108398,108263,108231,108230,108198,107744,107693,107588,107567,107495,107430,107229,107038,106830,106807,106764,106629,106475,106233,106192,106191,106154,106128,106093,105999,105927,105839,105701,105567,105518,105517,105391,105325,105298,105250,105101,105094,104813,104544,104455,104377,104168,104164,103990,103459,103458,103384,103381,103361,103337,103202,103191,103117,103101,102996,102850,102682,102667,102603,102554,102434,102232,102022,101960,101715,101709,101707,101704,101691,101266,101211,101130,100853,100812,100796,100776,100372,100185,100044,99907,99901,99882,99806,99784,99739,99719,99545,99451,98822,98806,98670,98574,98406,98124,97994,97968,97909,97808,97622,97621,97614,97613,97609,97592,97574,97446,97394,96971,96713,96433,96406,96381,95856,95811,95617,95457,95417,95304,95294,95254,95253,95252,95172,95066,95039,94592,94081,93945,93914,93905,93842,93787,93659,93658,93603,93417,93167,93068,93059,92981,92968,92887,92673,92483,92481,92402,92371,92222,92163,92107,91979,91971,91959,91880,91236,90995,90515,90411,90161,90130,90048,90046,89961,89921,89660,89653,89652,89589,89425,89424,89423,89319,89318,89270,89237,89188,89025,88803,88539,88000,87848,87841,87831,87800,87735,87686,87679,87535,87465,87419,87418,87181,87101,87098,86732,86694,86631,86472,86452,86313,86269,85946,85936,85924,85899,85867,85843,85747,85502,85341,85332,85316,85217,85197,84835,84831,84694,84345,84299,84179,84041,83911,83833,83444,83438,83330,83226,83215,83209,83064,82958,82861,82852,82740,82737,82703,82697,82693,82427,82418,82357,82347,82283,82259,82252,82131,82074,82073,82072,82071,81994,81955,81893,81852,81809,81795,81707,81697,81013,80918,80840,80179,80163,80141,80133,80123,80105,80022,80001,79882,79831,79711,79682,79630,79629,79628,79503,79350,79245,79238,78742,78741,78631,78630,78443,78390,78251,78195,78128,77887,77763,77734,77718,77640,77610,77552,77121,77097,77086,76992,76485,76480,76288,75845,75810,75674,75378,75339,75269,75231,74775,74673,74550,74537,74532,74397,74045,74011,74004,73966,73949,73719,73700,73690,73562,73551,73501,73497,73492,73487,73349,73345,73271,73270,73269,73166,73025,72971,72914,72831,72815,72047,72032,71976,71955,71554,71187,71160,71085,71078,71070,71041,70938,70930,70835,70784,70717,70538,70479,70478,70477,70476,70475,70414,70406,70324,70262,69860,69463,69427,69426,69302,69036,68929,68730,68451,68210,68153,68101,67531,67508,67499,67422,67314,66825,66226,65995,65980,65798,65568,65466,65453,65306,65276,64655,64598,64523,64281,63878,63852,63850,63631,63433,63415,63390,63384,63361,63359,63356,63212,63205,63156,63153,63071,62884,62880,62793,62671,62630,62544,62474,62420,62419,62226,61932,61685,61645,61087,60726,60689,60599,60410,60300,60094,59897,59896,59895,59894,59893,59824,59811,59664,59360,59187,58970,58791,58751,58594,58523,58225,58125,57710,57598,57580,57573,57565,57562,57429,57407,57338,57292,57288,57190,57188,56561,56560,56451,56437,56035,55995,55910,55747,55726,55484,55250,54994,54788,54567,54464,54205,54194,54171,53423,53072,53010,52947,52922,52844,52631,52396,52258,52103,52099,52081,52068,51924,51919,51874,51794,51793,51617,51613,51404,51329,51323,51177,51174,51074,51065,50999,50998,50816,50511,50490,50480,50351,50280,49795,48981,48684,48563,48477,48476,48475,48474,48473,48472,48012,47917,47899,47559,47438,47221,47144,46821,46694,46689,46166,46102,46083,46071,46067,46063,46062,45868,45769,45736,45724,45720,45631,45629,45061,44950,44773,44644,44521,44507,44506,44467,44376,44311,44206,44180,44164,44045,43635,43411,42976,42775,42671,42569,42544,41923,41880,41617,41524,41470,41409,41392,41319,40848,40773,40715,40712,40620,40500,40470,40318,40240,40239,40065,39842,39759,39607,39479,38930,38924,38918,38805,38261,37504,37293,37199,37067,36995,36994,36993,36528,36455,36035,35478,35339,34863,34787,34764,34622,34579,34566,34486,34445,34432,34428,33697,33554,33461,33377,33203,33192,33119,32985,32851,32847,32459,32180,31593,31504,31473,30902,30797,30756,30661,30537,29804,29784,29782,29735,29708,29645,29496,29347,29268,28308,28057,26871,26831,26633,26608,26607,26507,26334,26333,26332,24397,24197,24108,24074,24062,23519,23232,23216,23176,23089,22471,21911,21665,21115,20904,20713,20249,20224,20146,19978,19011,18332,17819,17786,17758,17631,17604,17332,17331,17131,15940,14889,13735,12174,10916,10529,10200,10074,9286,7659,2887,1130
zzi=113801,113785,113767,113754,113753,113718,113709,113708,113637,113573,113547,113542,113541,113418,113417,113414,113408,113407,113393,113289,113287,113226,113219,113205,113178,113123,113070,113047,113045,112938,112937,112825,112802,112573,112572,112448
jil=81469,81468,72583,72582,72581,62287,50878,50877,39309,39308
key=112686,112680,112252,112251,112242,111674,111609,111608,110763,109642,109641,109622,108906,108119,108098,107104,106308,106053,106026,105731,105177,103476,103283,103246,103245,103244,102944,102933,102888,102460,102131,101963,99903,99836,99751,99672,99615,99614,99613,99225,99214,98917,98553,98146,98085,97912,96679,95775,95670,95180,95083,94924,94923,94482,94478,94070,93541,91187,90833,90701,90431,90105,89949,89477,89065,88996,88995,88994,88491,88486,87980,87338,86998,84946,84696,84266,83829,83656,83358,83022,82134,81640,81568,81567,81566,81565,80927,79720,79568,79354,79104,76651,76650,74352,72679,72678,72677,72676,72675,70589,70412,70125,66987,64999,62384,62383,53880,50968,39386,28404
kia=111334,91118,84200,81570,78239,72683,71533,69485,65817,61063,58810,51127,39543,39390,28406
koo=98390,96629,93394,89050,89049,81621,79276,75252,72725,70021,65282,62452,51038,51037,39437
kye=84223,79957,65836
len=112582,112105,112070,111836,111461,111419,111238,110559,110552,110041,109905,109900,109366,109353,108927,108885,108629,108622,108451,108448,108179,108156,107795,107718,107216,107081,106707,104802,104543,104465,104463,104106,104105,103809,103452,103394,103346,103338,102974,102961,102769,102690,102587,102276,101931,101853,101277,101000,100759,100739,100634,100445,99902,99753,98892,98721,98690,98325,98015,97876,97771,97569,97437,97353,97233,97199,97134,97066,97026,97017,96812,96728,96716,96347,96312,95942,95407,95297,95236,95013,94519,94491,94035,93946,93633,93368,93312,93073,92949,92948,92712,92436,92388,92210,91947,91946,91678,91677,91670,91669,91354,91110,90739,90711,90708,90560,90151,89642,89610,89542,89116,87943,87933,87085,87024,86915,86741,86576,86575,86224,86223,85797,85500,85302,85295,85184,84999,84943,84399,84341,83665,83278,82985,82853,82431,81999,81823,81696,81240,80272,80153,80010,79862,79002,78802,78603,78417,78416,78156,78155,78028,77538,77090,77081,76949,76948,76923,76646,76126,75915,75842,75717,75672,75117,75067,75018,75016,74914,74607,74526,74308,74307,74166,73702,73553,73172,72814,72813,72377,71451,71284,70959,70183,69071,69070,69027,68736,68021,67490,67478,67340,67339,67338,66367,65832,65802,64894,64253,63606,63461,63431,62726,62559,62558,62557,62059,61481,61244,61196,60628,60224,59564,59219,59170,58832,58332,58008,57990,57819,57372,56467,56466,56312,55432,55124,55123,55122,54770,53958,53756,53149,53073,53072,53071,53070,52644,52375,51459,51426,51305,51199,51198,51197,51196,51195,50912,50720,50627,49377,49363,48801,48800,48539,46967,46966,46564,45919,45832,45424,45127,45099,44740,44537,43886,43553,43552,43433,43270,43237,43200,43175,43174,43173,42982,42351,42277,42165,41594,41527,41526,41525,41524,41360,40602,40160,39628,39627,39626,39625,39624,39623,39163,38925,38597,38234,37868,37867,37532,35612,35611,35610,35239,35238,35237,34105,34101,33866,32783,32695,32350,32349,32189,32188,32058,32031,31961,31960,31799,31798,31626,31103,31102,30773,30506,30464,30463,30462,30187,30048,28929,28844,28742,28621,28620,28619,27359,27288,27287,27100,27099,26848,25155,24806,24805,24804,23776,22768,22666,22384,22383,22382,22265,22057,22056,21918,21917,21916,21915,21795,21794,21276,21189,20804,20799,20764,20280,19926,19285,19284,19283,18948,18889,18824,18359,18212,18142,17984,17868,17834,16187,16186,15081,14374,14270,14148,14047,13946,13884,13741,13740,13739,13192,12831,12127,11653,11652,11651,11650,11649,11648,11358,10778,10582,9458,8175,8051,8022,7754,7753,7281,7280,7045,6259,6258,6257,6256,5719,4919,4116,4083,4041,3863,3862,3578,2958,2957,2956,2955,2954,2724,1174,1173,1172,1171,1170,1169,1069,353,352,351
lod=110816,109704,108176,106447,106136,105534,103776,103393,103392,103391,103343,102628,102627,100330,100292,99813,99812,99760,98758,98757,95749,95160,95091,93857,89758,89309,82493,82070,81938,81136,79643,78815,74167,73267,73113,73112,72887,72266,70498,70474,69520,69519,69518,64266,64089,63070,62886,62758,62641,62640,61980,59913,59892,58854,58853,58852,58851,58850,53084,53083,51792,51624,51623,51622,51621,51620,51619,51333,51332,50556,48488,48470,47434,41534,40957,40071,40070,40069,40068,40067,39908,39762,39761,36992,34453,29947,29115,28936,28783,28782,24315,24096,19431,19430,19429,15780,15579,12805,11771,11770,10436,9786,9013,8996,7048,6354,6353,5503,5118,4605,4598,3024,3023,2050,1210
lpw=96030,90421
lur=112366,111767,110964,110821,109907,108453,106465,99827,89321,89320,87988,81959,81958,74337,72936,66105,66104,66103,65897,64283,64282,64281,62697,62696,58053,57331,56528,55130,55129,51397,51396,51395,49426,49425,48596,45759,45024,44562,43561,43303,39831,39830,39829,37907,37626,37116,35280,35279,35278,35277,33797,33388,32959,32355,32091,31968,28862,28861,26928,24842,24841,24840,24839,24838,23590,22179,22178,22177,22176,22064,22063,20780,19514,19513,16755,16212,16211,15588,14033,13971,13970,13969,13968,13894,12809,11862,11861,11860,9837,9474,9005,9004,7868,7824,7823,6425,6424,4933,4932,4601,4600,3074,3073,3072,2264,2052,1648,1255,1254,587,400
mco=55880,44346
mec=113570,113454,113278,113036,113035,113034,112705,112704,112273,111646,107933,106127,105793,105664,103381,103380,102802,99806,99805,95154,81917,76461,75317,73087,66768,65910,65387,51588,40032
mme=113747,113702,113648,113623,113559,113527,112442,112421,111867,111832,111484,111397,110476,110475,110097,110029,110028,109481,109208,109207,109206,108700,108597,108346,108293,107970,107879,107503,107502,107266,106984,106915,106661,105882,105206,105205,105204,104073,104037,104036,103698,103479,103015,103014,102165,102164,102163,102162,102161,102160,101758,101757,101458,101133,101132,100891,100890,100703,100656,100475,100474,99497,99496,99304,99303,98916,98188,98187,98186,98185,98184,98183,97659,97447,96908,96871,96553,96205,96034,95974,95973,95832,95812,95403,95191,94785,94573,94316,94249,94069,93535,93159,93158,93157,93156,93155,93043,92604,92224,92223,91621,91551,91550,91122,91121,90680,90677,90596,90423,90422,90359,90199,90198,90165,89691,89544,89345,89222,89221,89056,88607,88606,88605,88604,88319,88318,88204,86844,86843,86842,86081,85842,85637,85580,84871,84870,84790,84647,84577,84450,84436,84208,84103,84102,84063,84062,83968,83634,83345,83050,82401,82217,81832,81831,81632,81629,81102,81101,81100,80744,80613,80256,79447,79044,78930,77427,77366,76876,76761,76534,76235,76154,76153,76152,75985,75956,75670,75584,75535,75534,75449,75448,75158,74541,74540,74328,72737,72231,72230,72229,72228,72158,72157,71987,71986,71853,71852,70858,69967,69922,69921,69755,69645,69644,69469,68907,68906,67891,66402,66401,66276,66275,65790,65526,64665,64517,64327,64276,63279,63278,62806,62769,62768,62767,61947,61946,61945,61944,61943,61857,61656,61496,61407,61406,61386,61374,61265,61253,61248,60644,60327,60098,60097,60052,59379,59299,59255,58991,58289,58288,58203,57259,56032,56005,56004,56003,55947,55946,55336,55324,55220,55219,55193,55192,54895,54894,54868,54867,54842,53502,53163,53162,51995,51478,51477,51476,50526,50525,50524,50057,50056,50032,50031,50010,49996,49941,49870,49848,49754,49702,49701,49214,48688,48402,48401,48400,48028,48027,47923,46857,45809,44553,44516,44491,44415,43892,43891,43684,43639,43638,43302,43276,43184,42657,42656,42548,42547,41962,41961,40591,39703,39498,38963,38962,38546,38418,38167,36933,36549,34516,32701,31974,31460,31354,30836,28701,26672,26671,17662,17661
mpl=113706,113632,113535,113472,113299,113297,113160,113058,112884,112855,112734,112590,112589,112549,112548,112328,112327,112314,112115,112071,111996,111982,111862,111778,111731,111704,111703,111562,111420,111407,111406,111405,111404,111403,111271,111270,111093,110892,110708,110707,110563,110482,110481,110480,110479,110335,110313,110312,110211,110089,109779,109569,109559,109234,109220,109217,109216,109215,109214,109007,108840,108294,108000,107984,107983,107733,107711,107519,107515,107514,107513,107512,107511,107487,107218,107190,107189,106800,105987,105886,105863,105501,105486,105445,105257,105256,105230,105225,105224,105223,105222,105221,105220,105188,104760,104220,104058,103029,103028,102919,102583,102562,102512,102242,102241,102199,102192,102191,102190,102189,102188,102187,102186,101860,101302,100924,100923,100922,100921,100680,100523,99335,99334,99333,99332,98714,98686,98274,98215,98214,98213,98212,98211,98210,98209,98208,98207,98160,97778,97741,96609,96265,95580,94602,94601,94600,94599,93716,93265,93189,93188,93187,93186,93185,93184,93183,93182,93120,92632,92588,92398,92397,92396,92131,91110,90683,90644,90167,88660,88635,88634,88633,88632,88631,88630,87595,87594,87593,87592,87120,87119,87092,86881,86880,86879,86878,86877,86876,86875,86132,86082,85836,85835,85534,84179,84178,84177,83734,83589,82924,82923,81136,81135,81134,81133,81132,81131,81029,79903,79902,79901,79900,79800,79269,79228,78963,78962,78961,78960,78959,78958,78957,78956,78955,77968,77664,77321,76535,75674,75673,75672,75491,75318,75095,74990,74683,74241,74240,72268,72267,72266,72265,72264,72263,70812,70811,70810,70809,70677,70410,70409,70408,70115,70005,69971,69670,69669,69668,69667,69666,69665,69664,69663,68177,67776,66976,66859,66858,66641,65795,65794,65389,65337,65336,65335,65260,65098,64981,64166,62598,61983,61982,61981,61980,61979,60344,60271,60270,60269,59815,59814,59339,59301,59007,59006,56074,55951,55950,55693,55692,55691,55690,54785,54354,54353,54286,54285,54284,54175,54003,52970,50559,50558,50557,50556,50555,50554,50553,48927,48850,48404,45823,44417,44145,44144,44143,43191,43190,42735,42734,42662,42549,38988,38987,38986,37354,36934,34530,32962,31980,31812,31554,31462,31355,24157,15647
mug=99932,97622,95331,82199,75788,73428,73427,65934,65933,65932,63266,63265,63264,54930,54929,54928,54927,51982,51981,51980,43339,43338,43337,40418,40417,40416,40415,40414,40413,40412,29444,29443,29442,19919,15596,12123,9011,7836,6609,3175
nap=113514,113365,112853,112214,112213,111568,111567,111285,110719,110718,108107,107993,106986,106268,106034,106027,105876,105875,104255,103546,103524,103264,103253,103252,103044,103043,101269,100958,100957,99644,99624,99358,96659,96455,95357,94961,94936,93626,92926,89576,89575,89033,89032,89008,89007,87466,86542,85114,84674,84673,84280,84279,84278,84277,82258,82257,81608,81575,76858,76263,75794,75793,75792,75383,73491,72752,72688,72293,72292,70576,68188,68187,66529,66528,65942,65941,65940,65939,65798,63344,63343,62478,62391,61502,59994,59993,58553,57384,57383,56159,55557,54938,54937,54936,54788,52067,52066,52065,52064,50580,50126,48574,47169,43350,43109,40498,40497,40496,40495,40494,40493,40492,39425,37081,35805,35656,34550,32124,29514,29513,29512,29511,29510,29509,28428,26390,25316,25183,24182,24181,23450,19980,19979,15662,15084,8602,7838,6643,6030,3914,3197,3196,1284
ndw=108656,106747,105719,105718,105690,104909,104143,102873,102872,102871,102842,101805,101515,99134,97378,97377,96428,94271,92751,92750,92621,92538,92138,90201,88255,86183,86018,83901,83054,81204,80769,78111,75325,70840,68610,65399,62496,54367,50639,39080,39079,37400
nir=99857,99856,95208,95207,73201,63422,63003,55036,43461,40597,33805,29620,23597,23392
nkf=111904,111150,110181,110180,109750,109452,109451,108795,107839,107838,106209,105642,105641,102767,102766,101176,84708,76319
nly=110624,109103,107055,104490,104468,103985,103464,96944,96775,95343,94683,94384,93649,93165,92812,92233,91722,90399,88437,87081,85587,85577,81015,77171,76770,76380,75852,75760,73328,73091,72990,72976,69261,68614,66374,65996,65985,65538,63968,63150,62842,62353,62056,61297,59214,57738,56463,56287,56245,55767,53033,51156,49046,47407,46197,45229,43886,42619,40807,40025,39893,38464,32500,28968,27282,24063,19247,14065,6825,6055
nnm=98859,93986
npa=110864,108306,106281,103555,101325,99991,97126,97125,97124,96593,95398,95106,91802,91088,85095,85094,85093,82321,76831,76830,73574,71795,67195,66468,63449,63448,63447,61433,58157,55500,52190,52189,52188,50706,46731,44806,44805,44804,40636,40635,39149,23415,12306
nsh=113190,112920,112912,112872,112700,112559,112558,112530,112484,112269,112078,112077,112061,112037,111400,111359,111105,110677,110112,109763,109598,109531,108744,108271,107399,106970,106864,106424,106407,105691,105059,104438,103748,103741,103732,102843,101335,100846,100722,100233,99427,98639,97140,97139,97032,96976,96489,96287,94947,94694,93735,91815,91692,91607,89022,88775,87624,85111,85110,85109,82154,81320,81269,79956,79955,79372,76854,76853,76852,76851,76850,76549,76159,73376,73375,72409,72408,71797,70877,70876,70150,67228,67227,67226,67225,66868,66412,66013,63196,62131,61435,60350,60349,57706,57705,56332,56331,56330,55453,55452,55012,50714,50066,48932,48931,46229,46228,44839,44838,43911,39157,38554,37438,33617,33616,33615,33614,29806,28219,23448
nvo=110908,110863,109834,109785,108361,106353,105941,103133,103132,102261,102260,102259,100710,98305,98304,98303,98302,98301,96276,94754,93291,93290,93289,93288,93287,90696,88814,88813,88812,88811,86993,86992,86991,86990,85131,83654,81379,81378,81377,81376,81375,81374,81373,79100,76878,72502,72501,72500,72499,72498,72497,72496,69792,67252,63462,62221,62220,62219,62218,62217,56367,56366,52205,50809,50808,48956,40647,39250,37471,31154,21315,17755,10528
oae=58889,50427,50356,50302,50112,47466,7113,1721
odl=97401,92182,88488,85052,80629,77374,72090,69041,67837,67836,67138,61784,61291,61290,58355,57060,56966,56965,56964,56250,56249,54211,50375,49890,49462,49395,47498,46664,46581,45500,45499,45420,44753,38383,38382,38362,37096,36085,35320,35319,34166,34165,30530,29667,27570,27547,27546,27545,26409,26408,25561,24881,24880,23839,20820,20112,18417,18416,17407,17406,16718,16250,13398,12440,12314,10244,6828,6738
ogs=106596,104579,100341,99270,99182,94453,92522,91027,89571,88462,88254,88249,87467,85393,83033,82857,81684,80861,80674,79712,78345,77201,72080,71871,71693,67641,66891,66527,65395,64126,64000,60892,60866,60746,59646,56203,55749,50883,50407,47519,47028,46848,46370,46337,42799,40325,39522,37082,36678,36358,35796,34915,33495,30779,30675,27740,26803,26605,26391,24271,22677,22014,21857,18875,18078,17996,17529,17251,16746,15727,14521,13986,12900,11435,11208,10707,9787,9054,6558,5889,5138,4941,3901,2460,1846,1320,1214
oig=95821,90179,47523,41573,37320,36106,26637,26636,25571,17635,16729,16728,14029,10437,9819,7866,5504
oln=47676,25678
onb=106269,95388,89620,82151,82150,81386,78469,73567,73373,73372,72508,69122,63439,63438,52173,52172,40622,35310,24867
otp=94502,94097,88518,88015,88014,80989,80362,80361,74435,71361,71360,64397,61824,60889,41657,30568
oww=108466,106486,100371,99057,97879,96643,95853,94241,92770,91151
pda=91141,75989,75729,67269,66196,56392,56391,44884,44883,33663,33662,33661,23491,23490
pet=113375,112853,111294,110720,110353,109568,109511,109025,108621,107999,107510,106706,106443,106442,106441,105885,105768,105767,105766,105290,105219,105218,105217,105076,104092,104091,103770,103769,103768,103767,103025,102926,102925,102292,102185,101476,100737,100271,100265,99372,99329,99328,98205,98204,97721,97345,96309,96041,95733,95721,95720,95719,95718,95717,94632,93180,93179,92564,91132,90433,90432,90047,90032,90031,90030,90029,90028,90027,86873,86872,84932,84293,84292,84213,83700,83360,82858,82857,82856,82855,82854,82835,82834,82833,82824,80885,78952,78951,78574,77944,76627,76626,75805,74260,74174,74173,74172,74171,74170,74169,74168,74167,74151,74150,74137,72258,70004,69659,69164,68521,66994,66960,66277,65061,65060,64684,64345,64186,64095,64094,64093,64092,64091,64090,64089,64073,63203,62506,61973,61972,61971,59338,59004,58498,57474,56092,56049,56013,55325,54950,53965,53964,53516,53179,52997,52896,52895,52894,52893,52696,51916,45940,45939,45909,44542,44503,44303,44087,44083,43366,43207,42356,41457,41372,41371,41370,41369,41368,41367,41366,41365,41364,41363,41362,41164,39710,39529,38983,35766,34635,33109,32891,31998,30392,30321,30320,30319,30318,30317,30316,30315,30314,30313,30312,30311,30310,30309,30308,30307,30306,30305,28707,28534,25272,22804,20707,20646,20645,20644,20643,20642,20641,20640,20639,20638,20637,20636,20635,20634,14481,13462,12731,12730,12729,12728,12727,12726,12725,7004,7003,7002,7001,7000,6999,3431,1403
pte=107721,107253,105502,105492,101807,101734,99191,99190,98425,98261,98031,96159,94401,93722,92965,91777,91710,90276,90249,90248,89385,88760,88412,86448,86130,84027,83938,83272,83271,83270,80864,80780,79592,78879,78624,78440,77521,77520,77519,75370,74862,74659,74600,72463,72462,69853,69852,69678,69298,68349,67997,67996,65522,65506,64807,64804,64639,64638,64061,62183,62013,61530,59924,59180,57116,56428,55696,55695,55442,54445,53466,52870,50153,50152,48427,47681,47474,45550,44651,44146,43895,43018,42842,39270,38628,36957,36956,36955,36944,36245,34323,34322,34321,34311,34295,34294,31832,26837,26306,26298,25692,24286,23970,23969,23961,23949,23513,21939,20940,15754,15118,13768,12920,12450,9132,4683
rav=113749,113707,113406,112954,112603,112132,111476,111475,110587,110586,110585,109469,109410,109409,109408,109407,107772,105560,104013,103128,102656,101234,100614,99077,99076,98637,98450,98449,98282,96154,94262,94261,93733,93504,93503,93270,92902,92357,91295,90535,90534,89730,88243,88242,88241,87623,87282,87081,86972,86484,86483,85793,85101,84487,84486,83477,83476,83475,83474,82458,81864,81857,80663,80662,80661,80660,80659,80658,80657,80656,79945,79476,79475,79206,79077,78492,78364,78270,78269,78268,77603,76840,76839,76687,76570,76569,76568,76567,76566,76038,74815,74814,74813,74006,73730,73040,73033,72478,71737,71736,71735,71734,71733,71732,71731,70871,70859,70289,70288,69940,69939,69002,68872,68871,68870,68093,67207,66893,66892,66891,66890,66889,66888,66887,66723,66257,66256,64794,64793,64792,64791,64790,64789,63918,63717,63645,61354,61353,61352,61351,61350,61349,61348,60329,60328,59692,59266,58471,58470,58172,58171,58170,58169,55981,55980,55979,55978,55977,55976,55791,55290,55289,53644,53643,53642,53641,53640,53639,53638,53637,53636,52510,49965,49964,49963,49962,49961,48917,48916,47812,47811,47810,47809,47081,47080,46750,46749,46748,46747,46746,46745,44816,44447,44446,44445,44444,42022,42021,42020,42019,42018,42017,42016,42015,42014,42013,42012,42011,40966,38452,38451,38450,38449,38448,38447,38446,37418,36365,36364,36363,36362,35409,35408,35407,35406,33593,33254,33253,33252,30885,30884,30883,30882,30881,30880,30879,29961,27630,27629,27628,27627,25795,24964,24963,24962,23120,23119,21099,21098,21097,21096,21095,21094,18500,17460,14816,13054,13053,13052,13051,13050,7207
aai=81539,72638,15964
adp=102900,99167,87196,79369,71931,61592,48079,44033,36598,32827
rhe=113259,109481,108267,107879,107541,106349,105270,104276,103654,101099,100983,100776,100116,100115,99019,97611,96824,96381,96380,96053,95546,95545,95043,93431,91217,90823,90822,90821,90820,90450,89815,89814,89813,89153,87173,85385,84589,84369,83818,83817,83816,83815,82706,82569,82568,82567,82566,77181,76163,75207,75206,75205,75204,75203,75202,73867,73866,72818,71698,71697,65220,65219,65218,65217,63927,63198,61306,59780,54141,54140,51912,48356,45709,42515,42514,42513,38392,34392,31319,31318,27580,21476,21475,13332,7373
agw=86006,77871,68420,64749,57661,53575,53574,41944
rix=112949,112114,105764,105763,104875,102109,99206,99205,97672,95133,91600,91501,90615,85209,81902,76513,73703
aik=79341,73952,70105,66854,63854,55940,50098,50097,50096,49834,49833,48018,45704,41091,38587,36537,34383,33223,30035,23106
rkl=102758,102757,100220,98961,98321,97410,92188,91214,89935,86744,86743,85599,84366,84365,82708,82223,80411,78804,75969,75866,75865,70128,70127,70126,68469,66045,59500,59499,48050,36570
alr=111373,110455,109172,105075,105074,102080,102079,98077,98076,78559,69223,65271,54197,45221,34477,34476,23691
rns=107358,107169,103749,103635,102275,100821,100557,99154,93310,92205,88775,87020,85757,85539,84326,84124,83414,81604,81320,81251,80829,80400,80346,79138,74795,74386,71743,71014,68976,68694,68472,67821,64501,63397,62655,61415,60033,59194,58785,57905,57730,57354,57335,55033,54750,52611,52209,51181,51107,50040,48791,47591,47187,47082,45320,44596,44291,40979,40237,39837,38404,36976,36693,35949,35111,34484,33547,33418,33417,33289,32917,32705,31867,30557,30184,30155,29906,29635,29313,28593,27554,27552,26044,25465,25456,24780,23823,23515,23267,23266,22943,22631,22504,22136,21983,21874,21107,20366,19495,19088,19074,19061,18333,16532,15921,15329,15261,15048,14948,14246,14179,13677,13568,13188,12568,12116,11559,11227,11184,10673,10645,9632,9529,9314,8855,7367,7248,7072,7032,6589,6095,6084,5218,5166,5068,5024,4839,4781,4513,4031,2945,2868,2709,2523,2404,1925,1812,1777,1687,975,760,729,286
anf=95639,92961,90133,89680,89228,86587,82962,82674,82384,80119,80118,78464,71063,71062,71061,69116,67183,60572,52671,51839,47011,41136,39928,35669
rsn=113514,113365,52725,41194
asa=111476,111475,110586,110585,109408,107772,106250,103526,103339,101327,99953,99754,97128,95359,91803,90466,90148,83408,82982,81577,74305,74304,74186,74061,72690,71106,64247,64132,64109,63989,60623,56788,56304,53252,53060,52924,52923,52919,52697,47129,46275,46274,45540,45284,41393,41165,40505,40504,35782,35781,34552,34204,32653,30453,30210,29527,29526,29525,28586,27352,25287,24581,24183,20555,20308,19992,19204,19203,18207,16037,15824,15173,12479,12183,11578,11577,9350,9201,8700,6813,5073,4842,3202,2326,1288
rub=112411,111849,111079,110532,110062,104207,100910,100797,96585,96584,96408,94274,94273,94272,92985,92984,91334,91080,90947,90946,90945,90861,88258,88257,88256,84530,83985,83984,83983,83868,80682,79777,75436,75275,75274,75273,75272,75271,71770,71769,71768,70653,69348,65788,65318,65317,65316,65315,65314,65313,65312,65311,65310,62462,61401,61400,61399,60092,60091,58680,57949,54782,54264,54263,54262,54261,54260,54259,51044,51043,50025,48678,43137,42640,42639,42638,42637,42636,42635,39441,31923,31705,31442,31441,31440,31439,31438,31437,31436,31435,31434,21842,21617,21616,21615,21614,21613,21612,21611,21610,13481,13480,13479,13478,11074,10317,7476,7475,7474,5894,5408,3701,3700,1532
att=112532,112068,111417,111362,110454,109248,109171,108724,107556,107545,107268,106847,105877,105276,104867,104295,104294,104293,103047,101762,101504,101011,101010,101009,101008,100694,100635,100361,99359,97715,97714,97666,97665,97664,97365,97052,96736,96448,96250,96176,96175,93142,92554,92553,92552,92494,92493,92492,91765,91715,90905,90565,90533,90119,89957,89627,89275,89013,88057,86832,86617,86616,86615,85957,85956,85955,85954,85408,83508,83507,83470,82944,82738,81931,81903,81582,80415,79877,78851,78650,78649,78267,77920,77810,77809,77808,77807,77806,77805,77204,75913,75769,75550,74846,73104,73073,72296,71642,71255,71254,71253,71252,70779,70208,69561,69560,69320,69319,69318,69317,69211,68869,68650,68495,68352,68351,68350,68349,68348,68347,68346,67644,67147,67007,66124,66098,66051,65909,65656,65446,64821,64423,63970,63969,61219,60796,60795,60794,60793,60609,60608,60607,60240,59593,58902,58819,58818,58655,58654,58653,58652,58557,58556,58555,58554,58168,58167,58002,57904,57762,57584,57583,57582,57581,57580,57579,57578,57577,57576,57575,57574,56777,56776,56775,56255,56161,56104,55508,55143,55062,54910,54573,54440,53676,53245,52759,52758,52757,52063,51571,51570,51569,51568,51137,50582,50188,49362,49361,49360,49166,49165,48824,47481,47398,47279,47278,47171,47170,46744,46743,46559,46297,46296,46295,46294,46293,46087,46086,46085,46084,46083,46082,46081,46080,46079,46078,46077,46076,46075,46074,46073,46072,45574,45271,45270,45269,44996,44792,44606,44100,43965,43964,43590,43549,43490,43063,42836,42835,42834,42056,42009,41683,41682,41507,41225,41224,40513,40491,40419,40009,40008,40007,39553,39552,39007,38658,38657,37854,37853,37852,37851,37681,37680,37679,37678,36773,36068,36067,36066,35809,35808,35404,35403,35402,35229,35133,35003,35002,35001,35000,34999,34998,34997,34996,34802,34801,34800,34799,34798,34797,34796,34795,34794,34793,34792,34235,34184,34183,33989,33988,33770,33434,32912,32911,32910,32764,32390,32347,32282,32281,32104,31880,31658,31657,31656,30878,30877,30876,30875,30874,30599,30598,30447,30446,30186,30185,30184,30183,29533,29532,29445,29051,29050,29049,29048,28556,27834,27833,27532,27531,27093,27092,26973,26972,26971,26970,26969,26459,26163,25543,25542,25481,25323,25322,25321,25320,25319,24960,24959,24796,24795,24709,24612,24611,24610,24609,24608,24607,24606,24605,24432,24431,24430,24429,24428,24427,24426,24425,24424,24423,24422,24421,24420,23859,23714,23713,22828,22827,22826,22825,22824,22335,22187,22137,22136,21808,21230,21134,21092,21091,21090,21089,21088,20875,20755,20539,20538,20537,20536,20535,20000,19999,19920,19654,19653,19652,19221,18678,18401,17891,17890,17459,16663,16556,16555,16554,16553,16552,16305,16181,16062,16061,16060,16059,16058,16057,16056,16055,15917,15916,15915,15914,15913,15912,15911,15910,15909,15908,15907,15906,15905,15904,15903,15373,15266,14513,14512,14511,14510,14509,14508,13937,13936,13661,13152,13091,13049,13048,13047,13046,13045,13044,13043,13042,13041,12675,12674,12673,12672,12190,12189,11949,11948,11947,9708,9707,9367,9366,9365,9364,9264,9263,9262,9261,9260,9259,9258,9257,9169,9089,8756,8230,8229,8228,8227,8226,8225,7611,7206,7205,7204,7203,7202,7201,7200,7199,7198,7197,7196,6654,6653,6482,6481,6217,6216,5253,4855,4854,4783,4782,4781,4780,4779,4778,4777,4776,4775,4718,4654,4632,4155,4154,4153,3549,3548,3547,3546,3545,3208,3105,2934,2933,2932,2409,2222,2182,2181,2180,2179,2178,2177,2176,2073,843
rvu=57169,40552,40551,29579,29578
ayo=103807,100327,100234,95681,95145,92558,89285,89284,89099,86620,86048,86047,81908,81907,81676,81547,79208,78655,77930,72794,72648,69945,62851,62531,62347,57772,54414,52774,51580,50929,49969,47814,46305,42801,41245,41244,40022,39347,38455,36367,35012,30201,29067,28575,24618,21102,19236,13057
sak=103241,99607,94132,88065,82256,82180,80423,80422,80421,73490,73410,71420,31522,21683,21682,21681,13552,13551
sdr=112502,109321,107661,107660,105423,95235,95234,87546,82046,82045,79826,73239,73238,73237,73236,63044,63043
bde=108756,106885,76078,68505,66309,57773,55362,43827,43826,32640
bex=81072,61897
sim=113472,112328,112327,111862,111731,111093,110735,110089,110088,108688,108400,106801,106800,106799,106798,104221,104220,104219,104218,102443,100925,100924,100923,100922,100921,100874,100873,99406,98534,96609,95732,95580,93901,91110,90046,89940,89939,87796,84179,84178,84177,84176,84065,82852,82716,79729,77787,77786,75675,75674,75673,75672,75671,75670,75669,75668,75667,74164,68327,68326,66572,65797,65796,65795,65794,65793,65792,65791,65790,65789,65788,64087,62965,59933,58519,58518,57546,54787,54786,54785,54784,54783,54782,51708,47139,47138,46040,44553,43193,43192,43191,43190,43189,43188,43187,43186,43185,43184,32451,31983,31982,31981,31980,31979,31978,31977,31976,31975,31974,31973,31972,30150,22466,22078,22077,22076,22075,22074,22073,22072,22071,22070,22069,13902,13901,13900,13899,13898,13897,13896,7763,7762,3866,3865,1619
ska=111338,110409,109153,107432,89256,78229,75691,68913,68821,65809,63063,58209,57533,54805,54804,51787,43218,43217,43216,43215,43214,34409,32011,32010,32009,32008,32007,26849,24361,24043,22105,22104,22103,17794,13924
bon=111619,110786,110686,109616,109540,108057,107662,105969,105611,105424,104536,104409,103167,102728,102487,101920,101784,101457,101364,101187,99980,98584,97863,97862,97861,97795,97686,97387,97325,93999,92754,92753,92752,92751,92750,92749,92662,92155,91874,87900,86659,86490,86489,86488,86280,86279,86278,86277,86276,86275,85851,85180,84924,83914,80901,78906,78704,78497,78496,78495,78277,78212,78211,78210,78209,78208,78207,77685,76700,76613,75585,75222,75221,74816,72024,69617,69146,69145,68881,68805,68804,68803,67060,67045,66949,65701,65427,65231,58474,58257,58096,58095,58094,58093,58092,58091,58090,56151,56031,54177,53552,52972,49886,49799,48753,48700,48089,46702,46662,46661,46660,46659,46658,46657,46656,46655,46654,46653,46652,44669,44646,44645,44035,42551,42522,42120,41917,41438,38264,37260,37203,36614,36613,36612,35723,35359,35316,35315,35314,35313,35312,35311,35310,35309,34501,33486,33485,32831,31324,30970,27541,26579,26578,26577,26034,26033,25232,24878,24877,24876,24875,24874,24873,24872,24871,24870,24869,24868,24867,24866,17572,17571,17570,17101,16248,16247,16246,16245,16244,16243,16242,16241,16240,16239,16238,9504,9503,9502,9501,9500,9499,9498,9497,9496,9495,9494,9493,5462,4957,4956,4955,4954,4953,4952,2540,2276
ssc=98378,93377,93370,87097,69978,59317,47868
bru=110413,110412,109111,109110,107368,107367,106952,105021,105020,105019,103710,102857,101960,101959,101958,101957,101956,101287,101205,97965,97909,97908,97907,96421,95631,94303,92820,92361,91743,86368,85800,83886,78579,78325,78324,78323,78322,78321,77615,77496,72226,70796,70157,69257,68948,68947,68946,68945,68944,68943,68942,68941,61941,61940,60256,60255,59538,58250,58249,58248,58247,58246,58245,58244,58243,58242,58241,57269,57116,50517,50516,48834,48833,48090,46821,46820,46819,46818,46817,46816,46815,46814,46813,45550,39461,38956,38955,37332,37331,36615,35478,35477,35476,35475,35474,35473,35472,35471,35470,32658,28471,28081,26652,25021,25020,25019,25018,25017,25016,25015,25014,25013,25012,23890,22633,16345,16344,16343,16342,16341,16340,16339,9569,9568,9567,9566,9565,9564,9563,9562,5005,5004,5003,5002,2299
stv=111775,110293,108954
bti=95233,66345,66344,55399,55398,48598,43859,43858,32668,32667,22640
